#-- wesselius, 1980, Ultraviolet colours of Main-Sequence stars
2417.9   0.0
2418.0   1.0   
2419.51515152   1.0   
2421.03030303   1.0   
2422.54545455   1.0   
2424.06060606   1.0   
2425.57575758   1.0   
2427.09090909   1.0   
2428.60606061   1.0   
2430.12121212   1.0   
2431.63636364   1.0   
2433.15151515   1.0   
2434.66666667   1.0   
2436.18181818   1.0   
2437.6969697   1.0   
2439.21212121   1.0   
2440.72727273   1.0   
2442.24242424   1.0   
2443.75757576   1.0   
2445.27272727   1.0   
2446.78787879   1.0   
2448.3030303   1.0   
2449.81818182   1.0   
2451.33333333   1.0   
2452.84848485   1.0   
2454.36363636   1.0   
2455.87878788   1.0   
2457.39393939   1.0   
2458.90909091   1.0   
2460.42424242   1.0   
2461.93939394   1.0   
2463.45454545   1.0   
2464.96969697   1.0   
2466.48484848   1.0   
2468.0   1.0   
2469.51515152   1.0   
2471.03030303   1.0   
2472.54545455   1.0   
2474.06060606   1.0   
2475.57575758   1.0   
2477.09090909   1.0   
2478.60606061   1.0   
2480.12121212   1.0   
2481.63636364   1.0   
2483.15151515   1.0   
2484.66666667   1.0   
2486.18181818   1.0   
2487.6969697   1.0   
2489.21212121   1.0   
2490.72727273   1.0   
2492.24242424   1.0   
2493.75757576   1.0   
2495.27272727   1.0   
2496.78787879   1.0   
2498.3030303   1.0   
2499.81818182   1.0   
2501.33333333   1.0   
2502.84848485   1.0   
2504.36363636   1.0   
2505.87878788   1.0   
2507.39393939   1.0   
2508.90909091   1.0   
2510.42424242   1.0   
2511.93939394   1.0   
2513.45454545   1.0   
2514.96969697   1.0   
2516.48484848   1.0   
2518.0   1.0   
2519.51515152   1.0   
2521.03030303   1.0   
2522.54545455   1.0   
2524.06060606   1.0   
2525.57575758   1.0   
2527.09090909   1.0   
2528.60606061   1.0   
2530.12121212   1.0   
2531.63636364   1.0   
2533.15151515   1.0   
2534.66666667   1.0   
2536.18181818   1.0   
2537.6969697   1.0   
2539.21212121   1.0   
2540.72727273   1.0   
2542.24242424   1.0   
2543.75757576   1.0   
2545.27272727   1.0   
2546.78787879   1.0   
2548.3030303   1.0   
2549.81818182   1.0   
2551.33333333   1.0   
2552.84848485   1.0   
2554.36363636   1.0   
2555.87878788   1.0   
2557.39393939   1.0   
2558.90909091   1.0   
2560.42424242   1.0   
2561.93939394   1.0   
2563.45454545   1.0   
2564.96969697   1.0   
2566.48484848   1.0   
2568.0   1.0   
2568.1   0.0