# PASS_SET  HST FOC
# PASSBAND  F346M F/96
# EFFWL     3480
# WLFACTOR  1
# REFERENCE Nota, A., et al 1996, FOC Instrument Handbook, version 7.0              
# Table taken from ADPS http://ulisse.pd.astro.it/Astro/ADPS/Systems/index.html         
2950  0.000
2960  0.001
2980  0.001
3000  0.002
3020  0.003
3040  0.003
3060  0.003
3080  0.004
3100  0.006
3120  0.013
3140  0.029
3160  0.064
3180  0.122
3200  0.202
3220  0.297
3240  0.399
3260  0.507
3280  0.607
3300  0.697
3320  0.778
3340  0.842
3360  0.896
3380  0.935
3400  0.964
3420  0.982
3440  0.996
3460  0.998
3480  1.000
3500  0.992
3520  0.978
3540  0.955
3560  0.923
3580  0.885
3600  0.838
3620  0.782
3640  0.717
3660  0.641
3680  0.555
3700  0.465
3720  0.377
3740  0.280
3760  0.194
3780  0.123
3800  0.067
3820  0.033
3840  0.013
3860  0.005
3880  0.002
3900  0.001
3910  0.000
