# PASS_SET  HST FOC
# PASSBAND  F372M F/96
# EFFWL     3710
# WLFACTOR  1
# REFERENCE Nota, A., et al 1996, FOC Instrument Handbook, version 7.0              
# Table taken from ADPS http://ulisse.pd.astro.it/Astro/ADPS/Systems/index.html         
3120  0.000
3140  0.001
3160  0.001
3180  0.001
3200  0.001
3220  0.001
3240  0.001
3260  0.001
3280  0.001
3300  0.002
3320  0.003
3340  0.007
3360  0.017
3380  0.039
3400  0.075
3420  0.128
3440  0.199
3460  0.283
3480  0.382
3500  0.481
3520  0.577
3540  0.668
3560  0.746
3580  0.819
3600  0.880
3620  0.924
3640  0.953
3660  0.979
3680  0.994
3700  1.000
3720  0.999
3740  0.985
3760  0.965
3780  0.943
3800  0.913
3820  0.862
3840  0.799
3860  0.723
3880  0.646
3900  0.559
3920  0.472
3940  0.390
3960  0.307
3980  0.239
4000  0.177
4020  0.130
4040  0.091
4060  0.062
4080  0.042
4100  0.030
4120  0.021
4140  0.015
4160  0.011
4180  0.008
4200  0.006
4220  0.004
4240  0.003
4260  0.003
4280  0.002
4300  0.002
4320  0.002
4340  0.001
4360  0.001
4380  0.001
4400  0.001
4420  0.001
4440  0.001
4460  0.001
4480  0.001
4500  0.001
4520  0.001
4540  0.001
4560  0.001
4580  0.001
4600  0.001
4620  0.001
4640  0.001
4660  0.001
4680  0.001
4700  0.000
