# PASS_SET  HST FOC
# PASSBAND  F320W F/96
# EFFWL     3360
# WLFACTOR  1
# REFERENCE Nota, A., et al 1996, FOC Instrument Handbook, version 7.0              
# Table taken from ADPS http://ulisse.pd.astro.it/Astro/ADPS/Systems/index.html         
2250  0.000
2260  0.000
2280  0.001
2300  0.002
2320  0.006
2340  0.017
2360  0.034
2380  0.061
2400  0.100
2420  0.150
2440  0.206
2460  0.265
2480  0.322
2500  0.379
2520  0.432
2540  0.477
2560  0.516
2580  0.535
2600  0.562
2620  0.584
2640  0.584
2660  0.607
2680  0.647
2700  0.645
2720  0.659
2740  0.690
2760  0.747
2780  0.779
2800  0.776
2820  0.766
2840  0.788
2860  0.846
2880  0.899
2900  0.918
2920  0.911
2940  0.914
2960  0.931
2980  0.936
3000  0.905
3020  0.862
3040  0.848
3060  0.877
3080  0.933
3100  0.985
3120  0.993
3140  0.934
3160  0.862
3180  0.842
3200  0.869
3220  0.928
3240  0.984
3260  0.998
3280  0.967
3300  0.928
3320  0.924
3340  0.965
3360  0.996
3380  0.943
3400  0.801
3420  0.646
3440  0.546
3460  0.510
3480  0.544
3500  0.653
3520  0.847
3540  0.947
3560  0.729
3580  0.485
3600  0.348
3620  0.310
3640  0.369
3660  0.552
3680  0.504
3700  0.159
3720  0.043
3740  0.018
3760  0.008
3780  0.004
3800  0.002
3820  0.001
3840  0.001
3860  0.001
3880  0.001
3900  0.000
