# PASS_SET  HST FOC
# PASSBAND  F410M F/96
# EFFWL     4100
# WLFACTOR  1
# REFERENCE Nota, A., et al 1996, FOC Instrument Handbook, version 7.0              
# Table taken from ADPS http://ulisse.pd.astro.it/Astro/ADPS/Systems/index.html         
3340  0.000
3360  0.001
3380  0.001
3400  0.001
3420  0.001
3440  0.001
3460  0.001
3480  0.001
3500  0.001
3520  0.001
3540  0.001
3560  0.001
3580  0.001
3600  0.001
3620  0.001
3640  0.001
3660  0.001
3680  0.001
3700  0.001
3720  0.001
3740  0.002
3760  0.002
3780  0.002
3800  0.002
3820  0.003
3840  0.004
3860  0.006
3880  0.009
3900  0.015
3920  0.029
3940  0.060
3960  0.134
3980  0.297
4000  0.603
4020  0.853
4040  0.934
4060  0.959
4080  0.983
4100  1.000
4120  0.995
4140  0.950
4160  0.813
4180  0.571
4200  0.332
4220  0.176
4240  0.095
4260  0.053
4280  0.032
4300  0.020
4320  0.013
4340  0.009
4360  0.006
4380  0.005
4400  0.004
4420  0.003
4440  0.003
4460  0.002
4480  0.002
4500  0.002
4520  0.002
4540  0.002
4560  0.001
4580  0.001
4600  0.001
4620  0.001
4640  0.001
4660  0.001
4680  0.001
4700  0.001
4720  0.001
4740  0.001
4760  0.000
