# PASS_SET  HST FOC
# PASSBAND  F140M F/96
# EFFWL     1400
# WLFACTOR  1
# REFERENCE Nota, A., et al 1996, FOC Instrument Handbook, version 7.0              
# Table taken from ADPS http://ulisse.pd.astro.it/Astro/ADPS/Systems/index.html         
1100  0.000
1120  0.010
1140  0.027
1160  0.049
1180  0.072
1200  0.093
1220  0.114
1240  0.145
1260  0.202
1280  0.280
1300  0.397
1320  0.547
1340  0.727
1360  0.890
1380  0.983
1400  0.999
1420  0.962
1440  0.861
1460  0.707
1480  0.557
1500  0.444
1520  0.366
1540  0.311
1560  0.267
1580  0.229
1600  0.198
1620  0.173
1640  0.156
1660  0.145
1680  0.136
1700  0.128
1720  0.121
1740  0.114
1760  0.106
1780  0.100
1800  0.094
1820  0.088
1840  0.083
1860  0.079
1880  0.075
1900  0.072
1920  0.068
1940  0.065
1960  0.062
1980  0.059
2000  0.056
2020  0.054
2040  0.051
2060  0.049
2080  0.047
2100  0.044
2120  0.042
2140  0.040
2160  0.038
2180  0.036
2200  0.034
2220  0.033
2240  0.031
2260  0.030
2280  0.028
2300  0.027
2320  0.026
2340  0.025
2360  0.024
2380  0.023
2400  0.022
2420  0.021
2440  0.020
2460  0.020
2480  0.019
2500  0.018
2520  0.017
2540  0.017
2560  0.016
2580  0.016
2600  0.015
2620  0.015
2640  0.014
2660  0.014
2680  0.014
2700  0.013
2720  0.013
2740  0.012
2760  0.012
2780  0.011
2800  0.011
2820  0.011
2840  0.011
2860  0.010
2880  0.010
2900  0.010
2920  0.010
2940  0.010
2960  0.010
2980  0.009
3000  0.009
3020  0.009
3040  0.009
3060  0.008
3080  0.008
3100  0.008
3120  0.008
3140  0.008
3160  0.007
3180  0.007
3200  0.007
3220  0.007
3240  0.007
3260  0.007
3271  0.000
