# PASS_SET  HST FOC
# PASSBAND  F170M F/96
# EFFWL     1760
# WLFACTOR  1
# REFERENCE Nota, A., et al 1996, FOC Instrument Handbook, version 7.0              
# Table taken from ADPS http://ulisse.pd.astro.it/Astro/ADPS/Systems/index.html         
1600  0.000
1620  0.040
1640  0.151
1660  0.283
1680  0.466
1700  0.648
1720  0.817
1740  0.940
1760  0.998
1780  0.972
1800  0.879
1820  0.746
1840  0.615
1860  0.495
1880  0.399
1900  0.322
1920  0.260
1940  0.214
1960  0.176
1980  0.147
2000  0.125
2020  0.106
2040  0.091
2060  0.080
2080  0.070
2100  0.062
2120  0.056
2140  0.049
2160  0.044
2180  0.039
2200  0.035
2220  0.031
2240  0.029
2260  0.026
2280  0.025
2300  0.023
2320  0.022
2340  0.020
2360  0.019
2380  0.017
2400  0.016
2420  0.015
2440  0.013
2460  0.012
2480  0.012
2500  0.011
2520  0.011
2540  0.010
2560  0.010
2580  0.010
2600  0.009
2620  0.008
2640  0.008
2660  0.007
2680  0.006
2700  0.006
2720  0.006
2740  0.005
2760  0.005
2780  0.005
2800  0.005
2820  0.005
2840  0.005
2860  0.004
2880  0.004
2900  0.004
2920  0.004
2940  0.004
2949  0.000
