# PASS_SET  HST FOC
# PASSBAND  F630M F/96
# EFFWL     6382
# WLFACTOR  1
# REFERENCE Nota, A., et al 1996, FOC Instrument Handbook, version 7.0              
# Table taken from ADPS http://ulisse.pd.astro.it/Astro/ADPS/Systems/index.html         
6080  0.000
6100  0.001
6120  0.002
6140  0.003
6160  0.003
6180  0.002
6200  0.006
6220  0.016
6240  0.037
6260  0.071
6280  0.168
6300  0.246
6320  0.345
6340  0.444
6360  0.526
6380  0.612
6400  0.682
6420  0.745
6440  0.794
6460  0.834
6480  0.868
6500  0.894
6520  0.915
6540  0.934
6560  0.946
6580  0.958
6600  0.965
6620  0.972
6640  0.976
6660  0.980
6680  0.983
6700  0.986
6720  0.988
6740  0.990
6760  0.991
6780  0.993
6800  0.991
6820  0.996
6840  0.996
6860  0.997
6880  0.997
6900  0.999
6920  0.999
6940  0.999
6960  1.000
6980  0.998
7000  0.918
7020  0.499
7040  0.050
7050  0.000
