# PASS_SET  HST FOC
# PASSBAND  F130M F/96
# EFFWL     1280
# WLFACTOR  1
# REFERENCE Nota, A., et al 1996, FOC Instrument Handbook, version 7.0              
# Table taken from ADPS http://ulisse.pd.astro.it/Astro/ADPS/Systems/index.html         
1100  0.000
1120  0.009
1140  0.022
1160  0.038
1180  0.060
1200  0.150
1220  0.302
1240  0.633
1260  0.941
1280  0.988
1300  0.798
1320  0.508
1340  0.306
1360  0.184
1380  0.112
1400  0.071
1420  0.047
1440  0.034
1460  0.023
1480  0.019
1500  0.016
1520  0.013
1540  0.011
1560  0.009
1580  0.007
1600  0.007
1620  0.006
1640  0.006
1660  0.005
1680  0.005
1700  0.004
1720  0.004
1740  0.003
1760  0.003
1780  0.003
1800  0.003
1820  0.003
1840  0.003
1860  0.003
1880  0.002
1900  0.002
1920  0.002
1940  0.002
1960  0.002
1980  0.002
2000  0.002
2020  0.002
2040  0.002
2060  0.002
2075  0.000
