# PASS_SET  HST FOC
# PASSBAND  F235M F/96
# EFFWL     2550
# WLFACTOR  1
# REFERENCE Nota, A., et al 1996, FOC Instrument Handbook, version 7.0              
# Table taken from ADPS http://ulisse.pd.astro.it/Astro/ADPS/Systems/index.html         
1620  0.000
1640  0.001
1660  0.003
1680  0.005
1700  0.006
1720  0.007
1740  0.007
1760  0.008
1780  0.008
1800  0.008
1820  0.008
1840  0.009
1860  0.009
1880  0.010
1900  0.010
1920  0.011
1940  0.011
1960  0.012
1980  0.013
2000  0.014
2020  0.016
2040  0.018
2060  0.020
2080  0.022
2100  0.025
2120  0.028
2140  0.032
2160  0.037
2180  0.042
2200  0.049
2220  0.058
2240  0.069
2260  0.083
2280  0.101
2300  0.122
2320  0.152
2340  0.188
2360  0.240
2380  0.301
2400  0.382
2420  0.484
2440  0.593
2460  0.712
2480  0.836
2500  0.932
2520  0.985
2540  1.000
2560  0.976
2580  0.912
2600  0.824
2620  0.713
2640  0.589
2660  0.477
2680  0.380
2700  0.293
2720  0.224
2740  0.171
2760  0.131
2780  0.102
2800  0.077
2820  0.061
2840  0.048
2860  0.038
2880  0.030
2900  0.024
2920  0.022
2940  0.016
2960  0.013
2980  0.011
3000  0.009
3020  0.008
3040  0.007
3060  0.006
3080  0.005
3100  0.004
3120  0.004
3140  0.003
3160  0.003
3180  0.003
3200  0.002
3220  0.002
3240  0.002
3260  0.002
3280  0.002
3300  0.002
3320  0.002
3340  0.001
3360  0.001
3380  0.001
3400  0.001
3420  0.001
3440  0.001
3460  0.001
3480  0.001
3500  0.001
3520  0.001
3540  0.001
3560  0.001
3580  0.001
3600  0.001
3620  0.001
3640  0.001
3660  0.001
3680  0.001
3700  0.001
3720  0.001
3740  0.001
3760  0.001
3780  0.001
3800  0.001
3820  0.001
3840  0.001
3860  0.001
3880  0.001
3900  0.001
3920  0.001
3940  0.001
3960  0.001
3980  0.001
4000  0.001
4020  0.001
4040  0.001
4060  0.001
4080  0.001
4100  0.001
4120  0.001
4140  0.001
4160  0.001
4180  0.001
4200  0.000
