# PASS_SET  HST FOC
# PASSBAND  F342W F/48
# EFFWL     3400
# WLFACTOR  1
# REFERENCE Nota, A., et al 1996, FOC Instrument Handbook, version 7.0              
# Table taken from ADPS http://ulisse.pd.astro.it/Astro/ADPS/Systems/index.html         
2820  0.000
2840  0.002
2860  0.008
2880  0.016
2900  0.033
2920  0.059
2940  0.096
2960  0.152
2980  0.230
3000  0.311
3020  0.392
3040  0.467
3060  0.536
3080  0.601
3100  0.666
3120  0.720
3140  0.768
3160  0.810
3180  0.848
3200  0.882
3220  0.907
3240  0.931
3260  0.950
3280  0.964
3300  0.975
3320  0.986
3340  0.992
3360  0.996
3380  0.999
3400  1.000
3420  1.000
3440  0.998
3460  0.994
3480  0.989
3500  0.983
3520  0.976
3540  0.966
3560  0.951
3580  0.934
3600  0.914
3620  0.888
3640  0.859
3660  0.824
3680  0.780
3700  0.731
3720  0.671
3740  0.599
3760  0.522
3780  0.440
3800  0.350
3820  0.263
3840  0.180
3860  0.119
3880  0.072
3900  0.033
3920  0.015
3940  0.008
3960  0.004
3980  0.002
4000  0.000
