# PASS_SET  HST FOC
# PASSBAND  F430W F/48
# EFFWL     3950
# WLFACTOR  1
# REFERENCE Nota, A., et al 1996, FOC Instrument Handbook, version 7.0              
# Table taken from ADPS http://ulisse.pd.astro.it/Astro/ADPS/Systems/index.html         
3320  0.000
3340  0.001
3360  0.001
3380  0.001
3400  0.001
3420  0.001
3440  0.001
3460  0.001
3480  0.001
3500  0.002
3520  0.004
3540  0.014
3560  0.035
3580  0.075
3600  0.134
3620  0.210
3640  0.302
3660  0.394
3680  0.480
3700  0.561
3720  0.634
3740  0.699
3760  0.751
3780  0.795
3800  0.834
3820  0.865
3840  0.886
3860  0.901
3880  0.929
3900  0.949
3920  0.961
3940  0.971
3960  0.979
3980  0.985
4000  0.991
4020  0.995
4040  0.997
4060  0.999
4080  0.999
4100  0.997
4120  1.000
4140  0.998
4160  0.993
4180  0.990
4200  0.987
4220  0.983
4240  0.976
4260  0.970
4280  0.964
4300  0.953
4320  0.943
4340  0.934
4360  0.924
4380  0.913
4400  0.904
4420  0.893
4440  0.881
4460  0.868
4480  0.850
4500  0.832
4520  0.815
4540  0.800
4560  0.782
4580  0.761
4600  0.739
4620  0.714
4640  0.685
4660  0.652
4680  0.617
4700  0.578
4720  0.538
4740  0.496
4760  0.454
4780  0.414
4800  0.373
4820  0.334
4840  0.296
4860  0.261
4880  0.229
4900  0.199
4920  0.174
4940  0.152
4960  0.134
4980  0.118
5000  0.104
5020  0.089
5040  0.074
5060  0.061
5080  0.050
5100  0.040
5120  0.032
5140  0.026
5160  0.021
5180  0.016
5200  0.011
5220  0.009
5240  0.006
5260  0.005
5280  0.004
5300  0.003
5320  0.003
5340  0.002
5360  0.002
5380  0.002
5400  0.002
5420  0.002
5440  0.002
5460  0.002
5480  0.002
5500  0.002
5520  0.003
5540  0.004
5560  0.004
5580  0.005
5600  0.005
5620  0.005
5640  0.005
5660  0.004
5680  0.004
5700  0.003
5720  0.002
5740  0.002
5760  0.001
5780  0.001
5800  0.000
