# PASS_SET  HST FOC
# PASSBAND  F220W F/48
# EFFWL     2250
# WLFACTOR  1
# REFERENCE Nota, A., et al 1996, FOC Instrument Handbook, version 7.0              
# Table taken from ADPS http://ulisse.pd.astro.it/Astro/ADPS/Systems/index.html         
1560  0.000
1580  0.001
1600  0.002
1620  0.004
1640  0.011
1660  0.030
1680  0.054
1700  0.077
1720  0.100
1740  0.119
1760  0.139
1780  0.161
1800  0.183
1820  0.208
1840  0.235
1860  0.266
1880  0.300
1900  0.338
1920  0.381
1940  0.430
1960  0.483
1980  0.541
2000  0.600
2020  0.663
2040  0.726
2060  0.787
2080  0.844
2100  0.894
2120  0.935
2140  0.966
2160  0.987
2180  0.998
2200  1.000
2220  0.993
2240  0.979
2260  0.957
2280  0.929
2300  0.898
2320  0.863
2340  0.821
2360  0.775
2380  0.727
2400  0.677
2420  0.627
2440  0.576
2460  0.523
2480  0.472
2500  0.427
2520  0.384
2540  0.343
2560  0.304
2580  0.270
2600  0.240
2620  0.213
2640  0.189
2660  0.168
2680  0.149
2700  0.132
2720  0.117
2740  0.104
2760  0.093
2780  0.083
2800  0.074
2820  0.066
2840  0.059
2860  0.053
2880  0.048
2900  0.043
2920  0.039
2940  0.035
2960  0.032
2980  0.029
3000  0.027
3020  0.025
3040  0.023
3060  0.021
3080  0.020
3100  0.019
3120  0.017
3140  0.016
3160  0.015
3180  0.014
3200  0.014
3220  0.013
3240  0.013
3260  0.012
3280  0.011
3300  0.010
3320  0.010
3340  0.009
3360  0.009
3380  0.008
3400  0.008
3420  0.007
3440  0.007
3460  0.007
3480  0.007
3500  0.006
3520  0.006
3540  0.006
3560  0.006
3580  0.005
3600  0.005
3620  0.005
3640  0.005
3660  0.004
3680  0.004
3700  0.004
3720  0.004
3740  0.004
3760  0.004
3780  0.004
3800  0.003
3820  0.003
3840  0.003
3860  0.003
3880  0.003
3900  0.003
3920  0.003
3940  0.003
3960  0.003
3973  0.000
