# PASS_SET  HST FOC
# PASSBAND  F275W F/96
# EFFWL     2770
# WLFACTOR  1
# REFERENCE Nota, A., et al 1996, FOC Instrument Handbook, version 7.0              
# Table taken from ADPS http://ulisse.pd.astro.it/Astro/ADPS/Systems/index.html         
1600  0.000
1620  0.005
1640  0.015
1660  0.034
1680  0.052
1700  0.063
1720  0.069
1740  0.071
1760  0.071
1780  0.072
1800  0.072
1820  0.072
1840  0.072
1860  0.072
1880  0.073
1900  0.074
1920  0.076
1940  0.076
1960  0.076
1980  0.076
2000  0.078
2020  0.085
2040  0.094
2060  0.100
2080  0.105
2100  0.111
2120  0.118
2140  0.127
2160  0.136
2180  0.146
2200  0.156
2220  0.168
2240  0.182
2260  0.197
2280  0.215
2300  0.234
2320  0.256
2340  0.282
2360  0.310
2380  0.341
2400  0.376
2420  0.416
2440  0.459
2460  0.505
2480  0.553
2500  0.605
2520  0.658
2540  0.716
2560  0.773
2580  0.821
2600  0.865
2620  0.907
2640  0.943
2660  0.970
2680  0.988
2700  0.998
2720  1.000
2740  0.995
2760  0.984
2780  0.967
2800  0.946
2820  0.922
2840  0.895
2860  0.862
2880  0.827
2900  0.792
2920  0.754
2940  0.713
2960  0.670
2980  0.627
3000  0.584
3020  0.542
3040  0.501
3060  0.461
3080  0.423
3100  0.386
3120  0.351
3140  0.319
3160  0.289
3180  0.261
3200  0.236
3220  0.212
3240  0.191
3260  0.170
3280  0.152
3300  0.136
3320  0.123
3340  0.110
3360  0.098
3380  0.088
3400  0.079
3420  0.071
3440  0.064
3460  0.058
3480  0.053
3500  0.048
3520  0.044
3540  0.040
3560  0.036
3580  0.033
3600  0.030
3620  0.028
3640  0.026
3660  0.024
3680  0.022
3700  0.020
3720  0.019
3740  0.017
3760  0.016
3780  0.015
3800  0.014
3820  0.013
3840  0.012
3860  0.012
3880  0.011
3900  0.010
3920  0.010
3940  0.009
3960  0.009
3980  0.008
4000  0.008
4020  0.007
4040  0.007
4060  0.007
4080  0.006
4100  0.006
4120  0.006
4140  0.005
4160  0.005
4180  0.005
4200  0.005
4220  0.005
4240  0.005
4260  0.005
4280  0.004
4300  0.004
4320  0.004
4340  0.004
4360  0.003
4380  0.003
4400  0.003
4420  0.003
4440  0.003
4460  0.003
4480  0.003
4500  0.002
4520  0.002
4540  0.002
4560  0.002
4580  0.002
4600  0.002
4620  0.002
4640  0.002
4660  0.002
4680  0.002
4700  0.002
4720  0.002
4740  0.002
4760  0.002
4780  0.002
4800  0.002
4820  0.002
4840  0.002
4860  0.001
4880  0.001
4900  0.001
4920  0.001
4940  0.001
4960  0.001
4980  0.001
5000  0.001
5020  0.001
5040  0.001
5060  0.001
5080  0.001
5100  0.001
5120  0.001
5140  0.001
5160  0.001
5180  0.001
5200  0.001
5220  0.001
5240  0.001
5260  0.001
5280  0.001
5300  0.001
5320  0.001
5340  0.001
5360  0.001
5380  0.001
5400  0.001
5420  0.001
5440  0.001
5460  0.001
5480  0.001
5500  0.001
5520  0.001
5540  0.001
5560  0.001
5580  0.001
5600  0.001
5620  0.001
5640  0.001
5660  0.001
5680  0.001
5700  0.000
