# PASS_SET  HST FOC
# PASSBAND  F195W F/48
# EFFWL     2110
# WLFACTOR  1
# REFERENCE Nota, A., et al 1996, FOC Instrument Handbook, version 7.0              
# Table taken from ADPS http://ulisse.pd.astro.it/Astro/ADPS/Systems/index.html         
1100  0.000
1120  0.006
1140  0.012
1160  0.019
1180  0.029
1200  0.062
1220  0.121
1240  0.177
1260  0.214
1280  0.226
1300  0.247
1320  0.271
1340  0.291
1360  0.313
1380  0.337
1400  0.363
1420  0.399
1440  0.431
1460  0.468
1480  0.512
1500  0.555
1520  0.597
1540  0.648
1560  0.698
1580  0.742
1600  0.778
1620  0.807
1640  0.837
1660  0.866
1680  0.893
1700  0.916
1720  0.936
1740  0.956
1760  0.972
1780  0.986
1800  0.996
1820  0.999
1840  1.000
1860  0.996
1880  0.987
1900  0.977
1920  0.959
1940  0.943
1960  0.926
1980  0.906
2000  0.885
2020  0.865
2040  0.840
2060  0.815
2080  0.789
2100  0.762
2120  0.733
2140  0.703
2160  0.674
2180  0.646
2200  0.617
2220  0.589
2240  0.562
2260  0.535
2280  0.509
2300  0.485
2320  0.463
2340  0.441
2360  0.420
2380  0.400
2400  0.381
2420  0.362
2440  0.345
2460  0.329
2480  0.314
2500  0.300
2520  0.287
2540  0.275
2560  0.264
2580  0.252
2600  0.242
2620  0.232
2640  0.223
2660  0.213
2680  0.204
2700  0.196
2720  0.188
2740  0.180
2760  0.173
2780  0.167
2800  0.161
2820  0.156
2840  0.150
2860  0.145
2880  0.140
2900  0.136
2920  0.132
2940  0.128
2960  0.124
2980  0.120
3000  0.117
3020  0.114
3040  0.111
3060  0.108
3080  0.105
3100  0.103
3120  0.101
3140  0.099
3160  0.097
3180  0.095
3200  0.092
3220  0.090
3240  0.088
3260  0.086
3280  0.086
3300  0.085
3320  0.084
3340  0.082
3360  0.080
3380  0.079
3400  0.077
3420  0.076
3440  0.074
3460  0.073
3480  0.071
3500  0.070
3520  0.069
3540  0.067
3560  0.066
3580  0.064
3600  0.063
3620  0.062
3640  0.061
3660  0.060
3680  0.059
3700  0.057
3720  0.056
3740  0.055
3760  0.054
3780  0.054
3800  0.053
3820  0.052
3840  0.051
3860  0.051
3880  0.050
3900  0.049
3920  0.048
3940  0.048
3960  0.047
3980  0.046
4000  0.046
4020  0.045
4040  0.044
4060  0.044
4080  0.043
4100  0.042
4120  0.041
4140  0.041
4160  0.040
4180  0.039
4200  0.039
4220  0.038
4240  0.038
4260  0.037
4280  0.036
4300  0.036
4320  0.035
4340  0.034
4360  0.034
4380  0.033
4400  0.033
4420  0.032
4440  0.031
4460  0.031
4480  0.030
4500  0.030
4520  0.029
4540  0.029
4560  0.029
4580  0.028
4600  0.028
4620  0.028
4640  0.027
4660  0.027
4680  0.026
4700  0.026
4720  0.026
4740  0.025
4760  0.025
4780  0.025
4800  0.024
4820  0.024
4840  0.024
4860  0.024
4880  0.023
4900  0.023
4920  0.023
4940  0.022
4960  0.022
4980  0.022
5000  0.022
5020  0.022
5040  0.021
5060  0.021
5080  0.021
5100  0.021
5120  0.021
5140  0.020
5160  0.020
5180  0.019
5200  0.019
5220  0.019
5240  0.019
5260  0.019
5280  0.019
5300  0.018
5320  0.018
5340  0.018
5360  0.018
5380  0.018
5400  0.018
5420  0.018
5440  0.017
5460  0.017
5480  0.017
5500  0.017
5520  0.017
5540  0.017
5560  0.017
5580  0.017
5600  0.016
5620  0.016
5640  0.016
5660  0.016
5680  0.016
5700  0.016
5720  0.016
5740  0.015
5760  0.015
5780  0.015
5800  0.015
5820  0.015
5840  0.016
5860  0.016
5880  0.015
5900  0.014
5920  0.011
5940  0.008
5960  0.005
5980  0.002
6000  0.000
