# PASS_SET  HST FOC
# PASSBAND  F430W F/96
# EFFWL     3940
# WLFACTOR  1
# REFERENCE Nota, A., et al 1996, FOC Instrument Handbook, version 7.0              
# Table taken from ADPS http://ulisse.pd.astro.it/Astro/ADPS/Systems/index.html         
3440  0.000
3460  0.001
3480  0.001
3500  0.001
3520  0.004
3540  0.012
3560  0.031
3580  0.069
3600  0.123
3620  0.199
3640  0.285
3660  0.376
3680  0.466
3700  0.546
3720  0.618
3740  0.682
3760  0.737
3780  0.783
3800  0.823
3820  0.856
3840  0.884
3860  0.909
3880  0.930
3900  0.948
3920  0.962
3940  0.974
3960  0.982
3980  0.990
4000  0.995
4020  0.998
4040  0.999
4060  1.000
4080  1.000
4100  0.998
4120  0.997
4140  0.994
4160  0.991
4180  0.989
4200  0.986
4220  0.981
4240  0.974
4260  0.965
4280  0.956
4300  0.948
4320  0.939
4340  0.928
4360  0.917
4380  0.907
4400  0.898
4420  0.886
4440  0.872
4460  0.855
4480  0.836
4500  0.816
4520  0.795
4540  0.775
4560  0.754
4580  0.730
4600  0.703
4620  0.673
4640  0.640
4660  0.601
4680  0.558
4700  0.512
4720  0.465
4740  0.420
4760  0.374
4780  0.328
4800  0.283
4820  0.243
4840  0.207
4860  0.174
4880  0.145
4900  0.121
4920  0.101
4940  0.085
4960  0.072
4980  0.061
5000  0.052
5020  0.042
5040  0.034
5060  0.026
5080  0.020
5100  0.015
5120  0.011
5140  0.009
5160  0.007
5180  0.005
5200  0.004
5220  0.003
5240  0.002
5260  0.002
5280  0.001
5300  0.001
5320  0.001
5340  0.001
5360  0.001
5380  0.001
5400  0.001
5420  0.001
5440  0.001
5460  0.001
5480  0.001
5500  0.001
5520  0.001
5540  0.001
5560  0.001
5580  0.001
5600  0.001
5620  0.001
5640  0.001
5660  0.000
