# PASS_SET  HST FOC
# PASSBAND  F278M F/96
# EFFWL     2800
# WLFACTOR  1
# REFERENCE Nota, A., et al 1996, FOC Instrument Handbook, version 7.0              
# Table taken from ADPS http://ulisse.pd.astro.it/Astro/ADPS/Systems/index.html         
1600  0.000
1620  0.002
1640  0.007
1660  0.013
1680  0.019
1700  0.022
1720  0.023
1740  0.022
1760  0.021
1780  0.020
1800  0.019
1820  0.018
1840  0.018
1860  0.017
1880  0.017
1900  0.016
1920  0.016
1940  0.015
1960  0.015
1980  0.015
2000  0.015
2020  0.015
2040  0.016
2060  0.016
2080  0.016
2100  0.017
2120  0.017
2140  0.018
2160  0.019
2180  0.020
2200  0.021
2220  0.023
2240  0.024
2260  0.026
2280  0.029
2300  0.031
2320  0.034
2340  0.038
2360  0.043
2380  0.049
2400  0.056
2420  0.064
2440  0.073
2460  0.085
2480  0.099
2500  0.118
2520  0.140
2540  0.167
2560  0.202
2580  0.246
2600  0.302
2620  0.373
2640  0.453
2660  0.550
2680  0.658
2700  0.762
2720  0.862
2740  0.935
2760  0.983
2780  1.000
2800  0.992
2820  0.962
2840  0.916
2860  0.861
2880  0.794
2900  0.724
2920  0.641
2940  0.564
2960  0.484
2980  0.407
3000  0.337
3020  0.273
3040  0.222
3060  0.179
3080  0.144
3100  0.116
3120  0.093
3140  0.075
3160  0.061
3180  0.049
3200  0.041
3220  0.036
3240  0.033
3260  0.028
3280  0.023
3300  0.020
3320  0.016
3340  0.014
3360  0.012
3380  0.011
3400  0.009
3420  0.008
3440  0.007
3460  0.006
3480  0.006
3500  0.005
3520  0.004
3540  0.004
3560  0.004
3580  0.003
3600  0.003
3620  0.003
3640  0.002
3660  0.002
3680  0.002
3700  0.002
3720  0.002
3740  0.002
3760  0.002
3780  0.002
3800  0.002
3820  0.002
3840  0.001
3860  0.001
3880  0.001
3900  0.001
3920  0.001
3940  0.001
3960  0.001
3980  0.001
4000  0.001
4020  0.001
4040  0.000
