# PASS_SET  HST FOC
# PASSBAND  F275W F/48
# EFFWL     2750
# WLFACTOR  1
# REFERENCE Nota, A., et al 1996, FOC Instrument Handbook, version 7.0              
# Table taken from ADPS http://ulisse.pd.astro.it/Astro/ADPS/Systems/index.html         
1560  0.000
1580  0.001
1600  0.002
1620  0.007
1640  0.017
1660  0.042
1680  0.068
1700  0.083
1720  0.092
1740  0.095
1760  0.095
1780  0.095
1800  0.093
1820  0.093
1840  0.092
1860  0.092
1880  0.092
1900  0.092
1920  0.093
1940  0.093
1960  0.095
1980  0.097
2000  0.101
2020  0.104
2040  0.109
2060  0.114
2080  0.121
2100  0.128
2120  0.136
2140  0.144
2160  0.154
2180  0.165
2200  0.177
2220  0.191
2240  0.206
2260  0.224
2280  0.244
2300  0.266
2320  0.290
2340  0.318
2360  0.348
2380  0.381
2400  0.417
2420  0.455
2440  0.495
2460  0.539
2480  0.585
2500  0.632
2520  0.680
2540  0.727
2560  0.773
2580  0.818
2600  0.859
2620  0.895
2640  0.926
2660  0.953
2680  0.974
2700  0.989
2720  0.997
2740  1.000
2760  0.997
2780  0.989
2800  0.976
2820  0.958
2840  0.937
2860  0.912
2880  0.885
2900  0.856
2920  0.824
2940  0.787
2960  0.749
2980  0.714
3000  0.680
3020  0.644
3040  0.609
3060  0.573
3080  0.539
3100  0.505
3120  0.473
3140  0.442
3160  0.412
3180  0.383
3200  0.356
3220  0.331
3240  0.307
3260  0.281
3280  0.256
3300  0.233
3320  0.212
3340  0.194
3360  0.177
3380  0.162
3400  0.148
3420  0.135
3440  0.124
3460  0.113
3480  0.103
3500  0.094
3520  0.087
3540  0.079
3560  0.073
3580  0.067
3600  0.062
3620  0.057
3640  0.053
3660  0.049
3680  0.045
3700  0.042
3720  0.039
3740  0.036
3760  0.034
3780  0.031
3800  0.029
3820  0.028
3840  0.026
3860  0.024
3880  0.023
3900  0.021
3920  0.020
3940  0.019
3960  0.018
3980  0.017
4000  0.016
4020  0.015
4040  0.014
4060  0.013
4080  0.013
4100  0.012
4120  0.011
4140  0.011
4160  0.010
4180  0.010
4200  0.009
4220  0.009
4240  0.009
4260  0.008
4280  0.008
4300  0.008
4320  0.007
4340  0.007
4360  0.007
4380  0.007
4400  0.006
4420  0.006
4440  0.006
4460  0.006
4480  0.005
4483  0.000
