# PASS_SET  HST FOC
# PASSBAND  F120M F/96
# EFFWL     1230
# WLFACTOR  1
# REFERENCE Nota, A., et al 1996, FOC Instrument Handbook, version 7.0              
# Table taken from ADPS http://ulisse.pd.astro.it/Astro/ADPS/Systems/index.html         
1100  0.000
1120  0.061
1140  0.144
1160  0.237
1180  0.470
1200  0.878
1220  1.000
1240  0.856
1260  0.576
1280  0.325
1300  0.199
1320  0.108
1340  0.064
1360  0.042
1380  0.029
1400  0.022
1420  0.018
1440  0.013
1460  0.010
1480  0.009
1500  0.007
1520  0.007
1540  0.006
1560  0.005
1580  0.005
1600  0.005
1620  0.005
1640  0.004
1660  0.004
1680  0.004
1700  0.003
1720  0.003
1740  0.003
1760  0.003
1780  0.003
1800  0.003
1820  0.002
1840  0.002
1860  0.002
1880  0.002
1900  0.001
1920  0.001
1940  0.001
1960  0.001
1980  0.001
2000  0.000
