# PASS_SET  HST FOC
# PASSBAND  F600M F/96
# EFFWL     5800
# WLFACTOR  1
# REFERENCE Nota, A., et al 1996, FOC Instrument Handbook, version 7.0              
# Table taken from ADPS http://ulisse.pd.astro.it/Astro/ADPS/Systems/index.html         
5600  0.000
5620  0.002
5640  0.003
5660  0.004
5680  0.007
5700  0.012
5720  0.026
5740  0.069
5760  0.207
5780  0.550
5800  0.891
5820  0.854
5840  0.821
5860  0.863
5880  0.936
5900  0.971
5920  0.958
5940  0.923
5960  0.902
5980  0.903
6000  0.921
6020  0.944
6040  0.969
6060  0.985
6080  0.993
6100  0.995
6120  0.998
6140  0.999
6160  1.000
6180  0.998
6200  0.997
6220  0.994
6240  0.994
6260  0.992
6280  0.988
6300  0.987
6320  0.987
6340  0.979
6360  0.916
6380  0.704
6400  0.378
6420  0.169
6440  0.073
6460  0.035
6480  0.017
6500  0.008
6520  0.005
6540  0.000
