# PASS_SET  HST FOC
# PASSBAND  F140W F/48
# EFFWL     1320
# WLFACTOR  1
# REFERENCE Nota, A., et al 1996, FOC Instrument Handbook, version 7.0              
# Table taken from ADPS http://ulisse.pd.astro.it/Astro/ADPS/Systems/index.html         
1100  0.000
1120  0.003
1140  0.008
1160  0.014
1180  0.021
1200  0.034
1220  0.100
1240  0.677
1260  0.853
1280  0.959
1300  0.986
1320  1.000
1340  0.985
1360  0.960
1380  0.911
1400  0.863
1420  0.806
1440  0.752
1460  0.698
1480  0.646
1500  0.591
1520  0.560
1540  0.511
1560  0.474
1580  0.443
1600  0.416
1620  0.390
1640  0.369
1660  0.351
1680  0.332
1700  0.316
1720  0.298
1740  0.285
1760  0.276
1780  0.256
1800  0.243
1820  0.229
1840  0.215
1860  0.202
1880  0.187
1900  0.174
1920  0.162
1940  0.150
1960  0.140
1980  0.131
2000  0.122
2020  0.115
2040  0.108
2060  0.101
2080  0.095
2100  0.088
2120  0.083
2140  0.077
2160  0.072
2180  0.068
2200  0.064
2220  0.060
2240  0.056
2260  0.053
2280  0.050
2300  0.047
2320  0.044
2340  0.042
2360  0.039
2380  0.037
2400  0.035
2420  0.033
2440  0.032
2460  0.030
2480  0.029
2500  0.027
2520  0.026
2540  0.025
2560  0.024
2580  0.023
2600  0.022
2620  0.021
2640  0.020
2660  0.019
2680  0.018
2700  0.017
2720  0.017
2740  0.016
2760  0.016
2780  0.015
2800  0.014
2820  0.014
2840  0.013
2860  0.013
2880  0.012
2900  0.012
2920  0.011
2940  0.011
2960  0.011
2980  0.011
3000  0.010
3020  0.010
3040  0.010
3060  0.010
3080  0.009
3100  0.009
3120  0.009
3140  0.009
3160  0.009
3180  0.008
3200  0.008
3220  0.008
3240  0.008
3260  0.008
3280  0.007
3300  0.007
3320  0.007
3340  0.007
3360  0.007
3380  0.007
3400  0.007
3420  0.007
3440  0.006
3460  0.006
3480  0.006
3500  0.006
3520  0.006
3534  0.000
