# PASS_SET  HST FOC
# PASSBAND  F190M F/96
# EFFWL     2000
# WLFACTOR  1
# REFERENCE Nota, A., et al 1996, FOC Instrument Handbook, version 7.0              
# Table taken from ADPS http://ulisse.pd.astro.it/Astro/ADPS/Systems/index.html         
1550  0.000
1560  0.001
1580  0.001
1600  0.002
1620  0.003
1640  0.011
1660  0.032
1680  0.060
1700  0.092
1720  0.125
1740  0.163
1760  0.208
1780  0.264
1800  0.328
1820  0.409
1840  0.505
1860  0.613
1880  0.723
1900  0.829
1920  0.920
1940  0.976
1960  0.996
1980  0.992
2000  0.948
2020  0.886
2040  0.806
2060  0.711
2080  0.611
2100  0.514
2120  0.421
2140  0.338
2160  0.270
2180  0.215
2200  0.169
2220  0.132
2240  0.105
2260  0.084
2280  0.067
2300  0.054
2320  0.045
2340  0.037
2360  0.031
2380  0.026
2400  0.022
2420  0.019
2440  0.017
2460  0.015
2480  0.013
2500  0.011
2520  0.010
2540  0.009
2560  0.008
2580  0.007
2600  0.006
2620  0.006
2640  0.005
2660  0.005
2680  0.004
2700  0.004
2720  0.004
2740  0.003
2760  0.003
2780  0.003
2800  0.003
2820  0.003
2840  0.003
2860  0.002
2880  0.002
2900  0.002
2920  0.002
2926  0.000
