# PASS_SET  HST FOC
# PASSBAND  F195W F/96
# EFFWL     2110
# WLFACTOR  1
# REFERENCE Nota, A., et al 1996, FOC Instrument Handbook, version 7.0              
# Table taken from ADPS http://ulisse.pd.astro.it/Astro/ADPS/Systems/index.html         
1100  0.000
1120  0.025
1140  0.063
1160  0.104
1180  0.139
1200  0.157
1220  0.161
1240  0.175
1260  0.185
1280  0.195
1300  0.209
1320  0.225
1340  0.240
1360  0.254
1380  0.273
1400  0.294
1420  0.318
1440  0.343
1460  0.374
1480  0.408
1500  0.443
1520  0.483
1540  0.522
1560  0.562
1580  0.602
1600  0.635
1620  0.667
1640  0.700
1660  0.737
1680  0.774
1700  0.810
1720  0.840
1740  0.867
1760  0.892
1780  0.918
1800  0.937
1820  0.956
1840  0.973
1860  0.982
1880  0.992
1900  0.998
1920  1.000
1940  0.994
1960  0.984
1980  0.971
2000  0.955
2020  0.934
2040  0.910
2060  0.882
2080  0.850
2100  0.819
2120  0.783
2140  0.748
2160  0.710
2180  0.674
2200  0.635
2220  0.601
2240  0.566
2260  0.533
2280  0.501
2300  0.471
2320  0.443
2340  0.416
2360  0.390
2380  0.366
2400  0.345
2420  0.325
2440  0.306
2460  0.288
2480  0.271
2500  0.256
2520  0.242
2540  0.230
2560  0.218
2580  0.207
2600  0.195
2620  0.188
2640  0.181
2660  0.173
2680  0.164
2700  0.155
2720  0.147
2740  0.140
2760  0.134
2780  0.128
2800  0.122
2820  0.117
2840  0.113
2860  0.108
2880  0.104
2900  0.100
2920  0.097
2940  0.093
2960  0.091
2980  0.088
3000  0.086
3020  0.083
3040  0.081
3060  0.079
3080  0.077
3100  0.075
3120  0.073
3140  0.071
3160  0.070
3180  0.068
3200  0.067
3220  0.066
3240  0.064
3260  0.063
3280  0.061
3300  0.060
3320  0.059
3340  0.057
3360  0.056
3380  0.055
3400  0.054
3420  0.053
3440  0.052
3460  0.050
3480  0.049
3500  0.048
3520  0.047
3540  0.046
3560  0.045
3580  0.044
3600  0.043
3620  0.042
3640  0.041
3660  0.041
3680  0.040
3700  0.039
3720  0.038
3740  0.038
3760  0.037
3780  0.036
3800  0.036
3820  0.035
3840  0.035
3860  0.034
3880  0.034
3900  0.033
3920  0.033
3940  0.032
3960  0.032
3980  0.031
4000  0.031
4020  0.031
4040  0.030
4060  0.030
4080  0.029
4100  0.028
4120  0.028
4140  0.027
4160  0.027
4180  0.026
4200  0.026
4220  0.026
4240  0.025
4260  0.025
4280  0.024
4300  0.024
4320  0.024
4340  0.023
4360  0.023
4380  0.022
4400  0.022
4420  0.022
4440  0.022
4460  0.021
4480  0.021
4500  0.021
4520  0.021
4540  0.020
4560  0.020
4580  0.019
4600  0.019
4620  0.019
4640  0.018
4660  0.018
4680  0.018
4700  0.018
4720  0.018
4740  0.018
4760  0.017
4780  0.017
4800  0.017
4820  0.017
4840  0.017
4860  0.016
4880  0.016
4900  0.016
4920  0.016
4940  0.016
4960  0.015
4980  0.015
5000  0.015
5020  0.015
5040  0.015
5060  0.014
5080  0.014
5100  0.014
5120  0.014
5140  0.013
5160  0.013
5180  0.013
5200  0.013
5220  0.013
5240  0.013
5260  0.013
5280  0.013
5300  0.013
5320  0.013
5340  0.013
5360  0.012
5380  0.012
5400  0.012
5420  0.012
5440  0.011
5460  0.011
5480  0.011
5500  0.011
5520  0.011
5540  0.011
5560  0.011
5580  0.011
5600  0.011
5620  0.011
5640  0.011
5660  0.010
5680  0.010
5700  0.010
5713  0.000
