# PASS_SET  HST FOC
# PASSBAND  F140W F/96
# EFFWL     1370
# WLFACTOR  1
# REFERENCE Nota, A., et al 1996, FOC Instrument Handbook, version 7.0              
# Table taken from ADPS http://ulisse.pd.astro.it/Astro/ADPS/Systems/index.html         
1100  0.000
1120  0.025
1140  0.062
1160  0.102
1180  0.138
1200  0.162
1220  0.209
1240  0.340
1260  0.483
1280  0.657
1300  0.798
1320  0.932
1340  0.985
1360  1.000
1380  0.974
1400  0.924
1420  0.870
1440  0.815
1460  0.760
1480  0.703
1500  0.637
1520  0.576
1540  0.522
1560  0.469
1580  0.432
1600  0.397
1620  0.366
1640  0.340
1660  0.319
1680  0.298
1700  0.279
1720  0.258
1740  0.238
1760  0.218
1780  0.200
1800  0.183
1820  0.166
1840  0.151
1860  0.137
1880  0.122
1900  0.111
1920  0.099
1940  0.090
1960  0.082
1980  0.076
2000  0.071
2020  0.064
2040  0.058
2060  0.053
2080  0.049
2100  0.045
2120  0.041
2140  0.038
2160  0.035
2180  0.032
2200  0.029
2220  0.027
2240  0.025
2260  0.023
2280  0.022
2300  0.020
2320  0.019
2340  0.018
2360  0.016
2380  0.015
2400  0.015
2420  0.014
2440  0.013
2460  0.012
2480  0.012
2500  0.011
2520  0.010
2540  0.010
2560  0.009
2580  0.009
2600  0.008
2620  0.008
2640  0.008
2660  0.007
2680  0.000
