# PASS_SET  HST FOC
# PASSBAND  F437M F/96
# EFFWL     4290
# WLFACTOR  1
# REFERENCE Nota, A., et al 1996, FOC Instrument Handbook, version 7.0              
# Table taken from ADPS http://ulisse.pd.astro.it/Astro/ADPS/Systems/index.html         
3000  0.000
3020  0.004
3040  0.010
3060  0.013
3080  0.011
3100  0.009
3120  0.008
3140  0.007
3160  0.006
3180  0.005
3200  0.005
3220  0.004
3240  0.004
3260  0.003
3280  0.003
3300  0.003
3320  0.003
3340  0.003
3360  0.002
3380  0.002
3400  0.002
3420  0.002
3440  0.002
3460  0.002
3480  0.002
3500  0.002
3520  0.002
3540  0.002
3560  0.002
3580  0.002
3600  0.002
3620  0.002
3640  0.002
3660  0.002
3680  0.002
3700  0.002
3720  0.002
3740  0.002
3760  0.002
3780  0.002
3800  0.002
3820  0.002
3840  0.002
3860  0.002
3880  0.002
3900  0.002
3920  0.002
3940  0.002
3960  0.002
3980  0.002
4000  0.002
4020  0.002
4040  0.004
4060  0.006
4080  0.012
4100  0.027
4120  0.077
4140  0.266
4160  0.688
4180  0.736
4200  0.665
4220  0.685
4240  0.775
4260  0.902
4280  0.977
4300  1.000
4320  0.983
4340  0.954
4360  0.928
4380  0.923
4400  0.926
4420  0.940
4440  0.953
4460  0.946
4480  0.919
4500  0.862
4520  0.814
4540  0.803
4560  0.815
4580  0.780
4600  0.574
4620  0.306
4640  0.148
4660  0.070
4680  0.036
4700  0.021
4720  0.012
4740  0.008
4760  0.005
4780  0.004
4800  0.003
4820  0.002
4840  0.002
4860  0.001
4880  0.001
4900  0.001
4920  0.001
4940  0.001
4960  0.001
4980  0.001
5000  0.001
5020  0.001
5040  0.001
5060  0.001
5080  0.001
5100  0.001
5120  0.001
5140  0.001
5160  0.001
5180  0.001
5200  0.001
5220  0.001
5240  0.001
5260  0.001
5280  0.001
5300  0.001
5320  0.001
5340  0.001
5360  0.001
5380  0.000
