# PASS_SET  HST FOC
# PASSBAND  F231M F/96
# EFFWL     2330
# WLFACTOR  1
# REFERENCE Nota, A., et al 1996, FOC Instrument Handbook, version 7.0              
# Table taken from ADPS http://ulisse.pd.astro.it/Astro/ADPS/Systems/index.html         
1590  0.000
1600  0.001
1620  0.001
1640  0.002
1660  0.005
1680  0.007
1700  0.009
1720  0.011
1740  0.012
1760  0.013
1780  0.014
1800  0.014
1820  0.016
1840  0.018
1860  0.020
1880  0.022
1900  0.025
1920  0.027
1940  0.031
1960  0.036
1980  0.042
2000  0.049
2020  0.058
2040  0.069
2060  0.084
2080  0.103
2100  0.129
2120  0.160
2140  0.202
2160  0.258
2180  0.330
2200  0.423
2220  0.532
2240  0.655
2260  0.789
2280  0.901
2300  0.976
2320  1.000
2340  0.977
2360  0.913
2380  0.824
2400  0.723
2420  0.610
2440  0.504
2460  0.403
2480  0.321
2500  0.252
2520  0.195
2540  0.151
2560  0.117
2580  0.091
2600  0.072
2620  0.057
2640  0.045
2660  0.036
2680  0.029
2700  0.024
2720  0.020
2740  0.016
2760  0.014
2780  0.011
2800  0.010
2820  0.009
2840  0.008
2860  0.007
2880  0.006
2900  0.005
2920  0.005
2940  0.004
2960  0.004
2980  0.003
3000  0.003
3020  0.003
3040  0.003
3060  0.002
3080  0.002
3100  0.002
3120  0.002
3140  0.001
3160  0.001
3180  0.001
3200  0.001
3220  0.001
3240  0.001
3260  0.001
3280  0.001
3300  0.001
3320  0.001
3340  0.001
3360  0.001
3380  0.001
3400  0.001
3420  0.001
3440  0.001
3460  0.001
3480  0.001
3500  0.001
3520  0.001
3540  0.001
3560  0.001
3580  0.001
3600  0.000
