# PASS_SET  HST FOC
# PASSBAND  F220W F/96
# EFFWL     2280
# WLFACTOR  1
# REFERENCE Nota, A., et al 1996, FOC Instrument Handbook, version 7.0              
# Table taken from ADPS http://ulisse.pd.astro.it/Astro/ADPS/Systems/index.html         
1570  0.000
1580  0.000
1600  0.002
1620  0.005
1640  0.012
1660  0.031
1680  0.053
1700  0.071
1720  0.088
1740  0.103
1760  0.117
1780  0.132
1800  0.148
1820  0.167
1840  0.187
1860  0.211
1880  0.237
1900  0.268
1920  0.304
1940  0.345
1960  0.392
1980  0.447
2000  0.507
2020  0.572
2040  0.640
2060  0.710
2080  0.778
2100  0.841
2120  0.898
2140  0.943
2160  0.976
2180  0.994
2200  1.000
2220  0.995
2240  0.981
2260  0.961
2280  0.935
2300  0.904
2320  0.869
2340  0.831
2360  0.790
2380  0.744
2400  0.695
2420  0.643
2440  0.591
2460  0.539
2480  0.488
2500  0.437
2520  0.387
2540  0.341
2560  0.299
2580  0.261
2600  0.227
2620  0.198
2640  0.172
2660  0.150
2680  0.130
2700  0.114
2720  0.099
2740  0.086
2760  0.076
2780  0.066
2800  0.059
2820  0.052
2840  0.046
2860  0.041
2880  0.037
2900  0.033
2920  0.029
2940  0.026
2960  0.023
2980  0.021
3000  0.019
3020  0.018
3040  0.016
3060  0.015
3080  0.013
3100  0.012
3120  0.011
3140  0.011
3160  0.010
3180  0.009
3200  0.008
3220  0.008
3240  0.008
3260  0.007
3280  0.006
3300  0.006
3320  0.006
3340  0.005
3360  0.005
3380  0.005
3400  0.005
3420  0.004
3440  0.004
3460  0.004
3480  0.004
3500  0.000
