# PASS_SET  SDSS
# PASSBAND  i'
# EFFWL     7672.0
# WLFACTOR  1.0
# REFERENCE Fukugita, et al. (1996) AJ 111, 1748
# http://www.sdss.org/dr3/instruments/imager/index.html
 6430 0.0000
 6455 0.0001
 6480 0.0003
 6505 0.0004
 6530 0.0005
 6555 0.0004
 6580 0.0003
 6605 0.0005
 6630 0.0010
 6655 0.0021
 6680 0.0036
 6705 0.0060
 6730 0.0111
 6755 0.0208
 6780 0.0366
 6805 0.0597
 6830 0.0913
 6855 0.1317
 6880 0.1779
 6905 0.2260
 6930 0.2719
 6955 0.3125
 6980 0.3470
 7005 0.3755
 7030 0.3978
 7055 0.4142
 7080 0.4256
 7105 0.4331
 7130 0.4377
 7155 0.4405
 7180 0.4416
 7205 0.4411
 7230 0.4392
 7255 0.4358
 7280 0.4315
 7305 0.4265
 7330 0.4214
 7355 0.4165
 7380 0.4119
 7405 0.4077
 7430 0.4039
 7455 0.4006
 7480 0.3975
 7505 0.3943
 7530 0.3906
 7555 0.3862
 7580 0.3812
 7605 0.3757
 7630 0.3700
 7655 0.3641
 7680 0.3583
 7705 0.3526
 7730 0.3473
 7755 0.3424
 7780 0.3379
 7805 0.3337
 7830 0.3297
 7855 0.3259
 7880 0.3224
 7905 0.3194
 7930 0.3169
 7955 0.3150
 7980 0.3132
 8005 0.3111
 8030 0.3081
 8055 0.3039
 8080 0.2996
 8105 0.2945
 8130 0.2803
 8155 0.2493
 8180 0.2060
 8205 0.1578
 8230 0.1118
 8255 0.0743
 8280 0.0458
 8305 0.0257
 8330 0.0134
 8355 0.0077
 8380 0.0055
 8405 0.0037
 8430 0.0023
 8455 0.0015
 8480 0.0011
 8505 0.0011
 8530 0.0011
 8555 0.0009
 8580 0.0006
 8605 0.0003
 8630 0.0000
  
