# PASS_SET  SDSS
# PASSBAND  g'
# EFFWL     4825.0
# WLFACTOR  1.0
# REFERENCE Fukugita, et al. (1996) AJ 111, 1748
# http://www.sdss.org/dr3/instruments/imager/index.html
 3630 0.0000
 3655 0.0005
 3680 0.0013
 3705 0.0022
 3730 0.0030
 3755 0.0039
 3780 0.0055
 3805 0.0087
 3830 0.0162
 3855 0.0301
 3880 0.0500
 3905 0.0745
 3930 0.1024
 3955 0.1324
 3980 0.1629
 4005 0.1924
 4030 0.2191
 4055 0.2419
 4080 0.2609
 4105 0.2767
 4130 0.2899
 4155 0.3010
 4180 0.3105
 4205 0.3186
 4230 0.3258
 4255 0.3324
 4280 0.3385
 4305 0.3442
 4330 0.3496
 4355 0.3548
 4380 0.3596
 4405 0.3640
 4430 0.3678
 4455 0.3709
 4480 0.3736
 4505 0.3763
 4530 0.3792
 4555 0.3827
 4580 0.3863
 4605 0.3899
 4630 0.3931
 4655 0.3955
 4680 0.3973
 4705 0.3986
 4730 0.3997
 4755 0.4008
 4780 0.4019
 4805 0.4030
 4830 0.4043
 4855 0.4057
 4880 0.4073
 4905 0.4091
 4930 0.4110
 4955 0.4129
 4980 0.4147
 5005 0.4165
 5030 0.4181
 5055 0.4194
 5080 0.4201
 5105 0.4201
 5130 0.4191
 5155 0.4169
 5180 0.4147
 5205 0.4115
 5230 0.3988
 5255 0.3684
 5280 0.3233
 5305 0.2690
 5330 0.2112
 5355 0.1550
 5380 0.1043
 5405 0.0627
 5430 0.0337
 5455 0.0190
 5480 0.0128
 5505 0.0087
 5530 0.0057
 5555 0.0037
 5580 0.0024
 5605 0.0017
 5630 0.0014
 5655 0.0012
 5680 0.0010
 5705 0.0009
 5730 0.0007
 5755 0.0005
 5780 0.0003
 5805 0.0001
 5830 0.0000
  
