# PASS_SET  SDSS
# PASSBAND  u'
# EFFWL     3557.0
# WLFACTOR  1.0
# REFERENCE Fukugita, et al. (1996) AJ 111, 1748
# http://www.sdss.org/dr3/instruments/imager/index.html
 2980 0.0000
 3005 0.0014
 3030 0.0071
 3055 0.0127
 3080 0.0198
 3105 0.0314
 3130 0.0464
 3155 0.0629
 3180 0.0794
 3205 0.0949
 3230 0.1093
 3255 0.1229
 3280 0.1352
 3305 0.1458
 3330 0.1545
 3355 0.1617
 3380 0.1679
 3405 0.1737
 3430 0.1786
 3455 0.1819
 3480 0.1842
 3505 0.1860
 3530 0.1870
 3555 0.1868
 3580 0.1862
 3605 0.1858
 3630 0.1853
 3655 0.1841
 3680 0.1812
 3705 0.1754
 3730 0.1669
 3755 0.1558
 3780 0.1419
 3805 0.1247
 3830 0.1054
 3855 0.0851
 3880 0.0634
 3905 0.0405
 3930 0.0216
 3955 0.0110
 3980 0.0062
 4005 0.0032
 4030 0.0015
 4055 0.0008
 4080 0.0006
 4105 0.0003
 4130 0.0000
