# http://david.elbaz3.free.fr/astro_codes/howto_filters.htm
#wave   response   
37040.0   0.000855594993462   
37070.0   0.000743508313095   
37090.0   0.000642630300766   
37120.0   0.000672520082197   
37150.0   0.000691201195591   
37170.0   0.000523071175042   
37200.0   0.000538016065758   
37230.0   0.000747244535774   
37250.0   0.000844386325425   
37280.0   0.000932187558378   
37310.0   0.00103680179339   
37330.0   0.00110779002429   
37360.0   0.00122361292733   
37390.0   0.00126284326546   
37410.0   0.00108350457687   
37440.0   0.000945264337755   
37470.0   0.000954604894452   
37490.0   0.000958341117131   
37520.0   0.00109471324491   
37550.0   0.0013170184943   
37580.0   0.0012647113768   
37600.0   0.00089482533159   
37630.0   0.000455819166822   
37660.0   0.000491313282272   
37690.0   0.000741640201756   
37710.0   0.000683728750234   
37740.0   0.000214832804035   
37770.0   0.000360545488511   
37790.0   0.000394171492621   
37820.0   0.000347468709135   
37850.0   0.000418456940034   
37880.0   0.000569773958528   
37910.0   0.000618344853353   
37930.0   0.000524939286381   
37960.0   0.000347468709135   
37990.0   0.000222305249393   
38020.0   0.000283952923594   
38040.0   0.000476368391556   
38070.0   0.000607136185317   
38100.0   0.00049691761629   
38130.0   0.000214832804035   
38160.0   1.49448907155e-05   
38180.0   0.000452082944143   
38210.0   0.0007958154306   
38240.0   0.000339996263777   
38270.0   0.00062768541005   
38300.0   0.000767793760508   
38330.0   0.000685596861573   
38350.0   0.000211096581356   
38380.0   0.000272744255558   
38410.0   0.000252195030824   
38440.0   0.000255931253503   
38470.0   0.000252195030824   
38500.0   0.000186811133944   
38530.0   0.000177470577246   
38550.0   0.000283952923594   
38580.0   0.000422193162712   
38610.0   0.000577246403886   
38640.0   0.000739772090417   
38670.0   0.00076218942649   
38700.0   0.000672520082197   
38730.0   0.000700541752288   
38760.0   0.000900429665608   
38780.0   0.00107790024285   
38810.0   0.0011320754717   
38840.0   0.00112833924902   
38870.0   0.00124042592939   
38900.0   0.0015916308612   
38930.0   0.00204931813936   
38960.0   0.00251821408556   
38990.0   0.00299645058846   
39020.0   0.00334765552027   
39050.0   0.00369886045208   
39080.0   0.00438258920232   
39110.0   0.00533158976275   
39140.0   0.0063665234448   
39170.0   0.00747431346908   
39190.0   0.00863254249953   
39220.0   0.00992340743508   
39250.0   0.0115430599664   
39280.0   0.0135157855408   
39310.0   0.0156977395853   
39340.0   0.0180198019802   
39370.0   0.0207173547543   
39400.0   0.0238557818046   
39430.0   0.0271623388754   
39460.0   0.0309546048945   
39490.0   0.0355314776761   
39520.0   0.0407061460863   
39550.0   0.0466280590323   
39580.0   0.0533532598543   
39610.0   0.0612927330469   
39640.0   0.070726695311   
39670.0   0.0815804221932   
39700.0   0.0945451148888   
39740.0   0.110610872408   
39770.0   0.130132635905   
39800.0   0.153203810947   
39830.0   0.18045955539   
39860.0   0.212404259294   
39890.0   0.249766486083   
39920.0   0.292546235756   
39950.0   0.339435830375   
39980.0   0.390622081076   
40010.0   0.444423687652   
40040.0   0.497664860826   
40070.0   0.549598356062   
40100.0   0.597608817486   
40140.0   0.639080889221   
40170.0   0.673267326733   
40200.0   0.698113207547   
40230.0   0.716981132075   
40260.0   0.730244722585   
40290.0   0.73659630114   
40320.0   0.738090790211   
40350.0   0.737343545675   
40390.0   0.736969923407   
40420.0   0.732299645059   
40450.0   0.725387633103   
40480.0   0.718475621147   
40510.0   0.710255931254   
40540.0   0.70297029703   
40570.0   0.696058285074   
40610.0   0.687651784046   
40640.0   0.679058471885   
40670.0   0.67027834859   
40700.0   0.66224546983   
40730.0   0.655333457874   
40770.0   0.64804782365   
40800.0   0.640201756025   
40830.0   0.633663366337   
40860.0   0.628806276854   
40890.0   0.624135998506   
40930.0   0.620586586961   
40960.0   0.617784419951   
40990.0   0.615916308612   
41020.0   0.617037175416   
41060.0   0.617784419951   
41090.0   0.618531664487   
41120.0   0.620212964693   
41150.0   0.623201942836   
41190.0   0.630861199327   
41220.0   0.638520455819   
41250.0   0.643564356436   
41290.0   0.652157668597   
41320.0   0.661498225294   
41350.0   0.671586026527   
41380.0   0.682794694564   
41420.0   0.694563796002   
41450.0   0.707453764244   
41480.0   0.722025032692   
41520.0   0.737156734541   
41550.0   0.752848869793   
41580.0   0.766859704838   
41620.0   0.778441995143   
41650.0   0.790584718849   
41680.0   0.804035120493   
41720.0   0.816364655333   
41750.0   0.827386512236   
41780.0   0.837287502335   
41820.0   0.847375303568   
41850.0   0.856715860265   
41890.0   0.866056416962   
41920.0   0.876144218195   
41950.0   0.881748552214   
41990.0   0.886045208294   
42020.0   0.892770409116   
42060.0   0.898001120867   
42090.0   0.901550532412   
42120.0   0.904913132823   
42160.0   0.906968055296   
42190.0   0.909957033439   
42230.0   0.911264711377   
42260.0   0.910330655707   
42300.0   0.909957033439   
42330.0   0.908836166636   
42360.0   0.907528488698   
42400.0   0.908275733234   
42430.0   0.905660377358   
42470.0   0.899682421072   
42500.0   0.894264898188   
42540.0   0.890155053241   
42570.0   0.886232019428   
42610.0   0.881374929946   
42640.0   0.876517840463   
42680.0   0.873902484588   
42710.0   0.869605828507   
42750.0   0.864375116757   
42780.0   0.863814683355   
42820.0   0.863067438819   
42860.0   0.860825705212   
42890.0   0.86026527181   
42930.0   0.861012516346   
42960.0   0.865869605829   
43000.0   0.869979450775   
43030.0   0.874276106856   
43070.0   0.879320007472   
43100.0   0.882869419017   
43140.0   0.887913319634   
43180.0   0.893704464786   
43210.0   0.898561554269   
43250.0   0.903792266019   
43280.0   0.908649355502   
43320.0   0.913693256118   
43360.0   0.919110779002   
43390.0   0.922847001681   
43430.0   0.926396413226   
43470.0   0.929572202503   
43500.0   0.932187558378   
43540.0   0.934429291986   
43580.0   0.934989725388   
43610.0   0.935923781057   
43650.0   0.940594059406   
43690.0   0.945451148888   
43720.0   0.946572015692   
43760.0   0.948066504764   
43800.0   0.951615916309   
43830.0   0.954231272184   
43870.0   0.956099383523   
43910.0   0.96020922847   
43940.0   0.965066317953   
43980.0   0.968989351765   
44020.0   0.972351952176   
44060.0   0.975340930319   
44090.0   0.979077152998   
44130.0   0.984121053615   
44170.0   0.987296842892   
44210.0   0.987857276294   
44240.0   0.989912198767   
44280.0   0.992527554642   
44320.0   0.994208854848   
44360.0   0.996450588455   
44400.0   0.997945077527   
44430.0   0.996637399589   
44470.0   0.997758266393   
44510.0   1.0   
44550.0   0.997571455259   
44590.0   0.994956099384   
44630.0   0.995890155053   
44660.0   0.997197832991   
44700.0   0.995329721651   
44740.0   0.992340743508   
44780.0   0.991780310106   
44820.0   0.990285821035   
44860.0   0.987110031758   
44900.0   0.985615542686   
44930.0   0.983747431347   
44970.0   0.978329908463   
45010.0   0.973659630114   
45050.0   0.970670651971   
45090.0   0.965626751354   
45130.0   0.960769661872   
45170.0   0.958341117131   
45210.0   0.953484027648   
45250.0   0.948066504764   
45290.0   0.944890715487   
45330.0   0.940407248272   
45370.0   0.936671025593   
45410.0   0.935923781057   
45450.0   0.934055669718   
45490.0   0.929759013637   
45530.0   0.926770035494   
45570.0   0.924715113021   
45610.0   0.923033812815   
45650.0   0.923220623949   
45690.0   0.922286568279   
45730.0   0.91948440127   
45770.0   0.917429478797   
45810.0   0.916308611993   
45850.0   0.913506444984   
45890.0   0.909396600037   
45930.0   0.90715486643   
45970.0   0.905473566225   
46010.0   0.902671399215   
46050.0   0.898374743135   
46090.0   0.893517653652   
46130.0   0.889034186438   
46180.0   0.883616663553   
46220.0   0.876517840463   
46260.0   0.871100317579   
46300.0   0.864375116757   
46340.0   0.858023538203   
46380.0   0.858210349337   
46420.0   0.858583971605   
46460.0   0.858770782739   
46510.0   0.860825705212   
46550.0   0.860825705212   
46590.0   0.862320194284   
46630.0   0.86643003923   
46670.0   0.870166261909   
46720.0   0.873155240052   
46760.0   0.875957407061   
46800.0   0.88062768541   
46840.0   0.884177096955   
46880.0   0.886979263964   
46930.0   0.891089108911   
46970.0   0.894638520456   
47010.0   0.898561554269   
47060.0   0.902858210349   
47100.0   0.904913132823   
47140.0   0.905660377358   
47180.0   0.904913132823   
47230.0   0.903605454885   
47270.0   0.903792266019   
47310.0   0.902671399215   
47360.0   0.898187932001   
47400.0   0.893704464786   
47440.0   0.891836353447   
47490.0   0.889034186438   
47530.0   0.883803474687   
47570.0   0.879133196339   
47620.0   0.874089295722   
47660.0   0.868671772838   
47700.0   0.865122361293   
47750.0   0.860825705212   
47790.0   0.853726882122   
47840.0   0.846814870166   
47880.0   0.841584158416   
47920.0   0.838221558005   
47970.0   0.835232579862   
48010.0   0.831496357183   
48060.0   0.827946945638   
48100.0   0.823837100691   
48150.0   0.820661311414   
48190.0   0.819727255744   
48240.0   0.818232766673   
48280.0   0.814683355128   
48330.0   0.81337567719   
48370.0   0.815056977396   
48420.0   0.814683355128   
48460.0   0.813562488324   
48510.0   0.814496543994   
48550.0   0.813749299458   
48600.0   0.812254810387   
48640.0   0.812815243789   
48690.0   0.812254810387   
48740.0   0.811881188119   
48780.0   0.811133943583   
48830.0   0.810199887913   
48870.0   0.811694376985   
48920.0   0.811507565851   
48970.0   0.811133943583   
49010.0   0.812067999253   
49060.0   0.813562488324   
49100.0   0.813002054922   
49150.0   0.810199887913   
49200.0   0.808892209976   
49240.0   0.806463665234   
49290.0   0.801606575752   
49340.0   0.792266019055   
49390.0   0.780123295348   
49430.0   0.768167382776   
49480.0   0.753596114328   
49530.0   0.736409490006   
49570.0   0.719970110219   
49620.0   0.704091163833   
49670.0   0.690640762189   
49720.0   0.681300205492   
49760.0   0.67550906034   
49810.0   0.675322249206   
49860.0   0.68073977209   
49910.0   0.690453951055   
49960.0   0.698673640949   
50000.0   0.696245096208   
50050.0   0.671959648795   
50100.0   0.614608630674   
50150.0   0.524005230712   
50200.0   0.413599850551   
50250.0   0.302634036989   
50300.0   0.207920792079   
50340.0   0.136540257799   
50390.0   0.0880440874276   
50440.0   0.0565664113581   
50490.0   0.0365028955726   
50540.0   0.0238931440314   
50590.0   0.0158770782739   
50640.0   0.0106463665234   
50690.0   0.00724453577433   
50740.0   0.00497664860826   
50790.0   0.00340369886045   
50840.0   0.00235008406501   
50890.0   0.00167943209415   
50940.0   0.00122174481599   
50990.0   0.000825705212031   
51040.0   0.000515598729684   
51090.0   0.000835045768728   
51140.0   0.000685596861573   
51190.0   0.000594059405941   
51240.0   0.000541752288436   
51290.0   0.000439006164767   
51340.0   0.000310106482346   
51390.0   0.000218569026714   
51440.0   0.000339996263777   
51490.0   0.000188679245283   
51550.0   0.000127031571082   
51600.0   0.000113954791706   
51650.0   0.000134504016439   
51700.0   0.000175602465907   
51750.0   0.000194283579301   
51800.0   0.000181206799925   
51850.0   0.000160657575191   
51910.0   0.0001326359051   
51960.0   0.000140108350458   
52010.0   0.000158789463852   
52060.0   0.000160657575191   
52120.0   0.000179338688586   
52170.0   0.000190547356622   
52220.0   0.000190547356622   
52270.0   0.000209228470017   
52330.0   0.00023164580609   
52380.0   0.000216700915375   
52430.0   0.000173734354568   
52480.0   0.000115822903045   
52540.0   6.53838968803e-05   
52590.0   4.67027834859e-05   
52640.0   1.68130020549e-05   
52700.0   0.0   
52750.0   0.0   
52810.0   0.0   
52860.0   0.0   
52910.0   0.0   
52970.0   0.0   
53020.0   0.0   
53080.0   0.0   
53130.0   0.0   
53180.0   0.0   
53240.0   0.0   
