#LAM   TRANS   
1466.0   0   
1466.001001   0   
1467.002002   0   
1468.003003   0   
1469.004004   0   
1470.00500501   0   
1471.00600601   0   
1472.00700701   0   
1473.00800801   0   
1474.00900901   0   
1475.01001001   0   
1476.01101101   0   
1477.01201201   0   
1478.01301301   0   
1479.01401401   0   
1480.01501502   0   
1481.01601602   0   
1482.01701702   0   
1483.01801802   0   
1484.01901902   0   
1485.02002002   0   
1486.02102102   0   
1487.02202202   0   
1488.02302302   0   
1489.02402402   0   
1490.02502503   0   
1491.02602603   0   
1492.02702703   0   
1493.02802803   0   
1494.02902903   0   
1495.03003003   0   
1496.03103103   0   
1497.03203203   0   
1498.03303303   0   
1499.03403403   0   
1500.03503504   0   
1501.03603604   0   
1502.03703704   0   
1503.03803804   0   
1504.03903904   0   
1505.04004004   0   
1506.04104104   0   
1507.04204204   0   
1508.04304304   0   
1509.04404404   0   
1510.04504505   0   
1511.04604605   0   
1512.04704705   0   
1513.04804805   0   
1514.04904905   0   
1515.05005005   0   
1516.05105105   0   
1517.05205205   0   
1518.05305305   0   
1519.05405405   0   
1520.05505506   0   
1521.05605606   0   
1522.05705706   0   
1523.05805806   0   
1524.05905906   0   
1525.06006006   0   
1526.06106106   0   
1527.06206206   0   
1528.06306306   0   
1529.06406406   0   
1530.06506507   0   
1531.06606607   0   
1532.06706707   0   
1533.06806807   0   
1534.06906907   0   
1535.07007007   0   
1536.07107107   0   
1537.07207207   0   
1538.07307307   0   
1539.07407407   0   
1540.07507508   0   
1541.07607608   0   
1542.07707708   0   
1543.07807808   0   
1544.07907908   0   
1545.08008008   0   
1546.08108108   0   
1547.08208208   0   
1548.08308308   0   
1549.08408408   0   
1550.08508509   0   
1551.08608609   0   
1552.08708709   0   
1553.08808809   0   
1554.08908909   0   
1555.09009009   0   
1556.09109109   0   
1557.09209209   0   
1558.09309309   0   
1559.09409409   0   
1560.0950951   0   
1561.0960961   0   
1562.0970971   0   
1563.0980981   0   
1564.0990991   0   
1565.1001001   0   
1566.1011011   0   
1567.1021021   0   
1568.1031031   0   
1569.1041041   0   
1570.10510511   0   
1571.10610611   0   
1572.10710711   0   
1573.10810811   0   
1574.10910911   0   
1575.11011011   0   
1576.11111111   0   
1577.11211211   0   
1578.11311311   0   
1579.11411411   0   
1580.11511512   0   
1581.11611612   0   
1582.11711712   0   
1583.11811812   0   
1584.11911912   0   
1585.12012012   0   
1586.12112112   0   
1587.12212212   0   
1588.12312312   0   
1589.12412412   0   
1590.12512513   0   
1591.12612613   0   
1592.12712713   0   
1593.12812813   0   
1594.12912913   0   
1595.13013013   0   
1596.13113113   0   
1597.13213213   0   
1598.13313313   0   
1599.13413413   0   
1600.13513514   0   
1601.13613614   0   
1602.13713714   0   
1603.13813814   0   
1604.13913914   0   
1605.14014014   0   
1606.14114114   0   
1607.14214214   0   
1608.14314314   0   
1609.14414414   0   
1610.14514515   0   
1611.14614615   0   
1612.14714715   0   
1613.14814815   0   
1614.14914915   0   
1615.15015015   0   
1616.15115115   0   
1617.15215215   0   
1618.15315315   0   
1619.15415415   0   
1620.15515516   0   
1621.15615616   0   
1622.15715716   0   
1623.15815816   0   
1624.15915916   0   
1625.16016016   0   
1626.16116116   0   
1627.16216216   0   
1628.16316316   0   
1629.16416416   0   
1630.16516517   0   
1631.16616617   0   
1632.16716717   0   
1633.16816817   0   
1634.16916917   0   
1635.17017017   0   
1636.17117117   0   
1637.17217217   0   
1638.17317317   0   
1639.17417417   0   
1640.17517518   0   
1641.17617618   0   
1642.17717718   0   
1643.17817818   0   
1644.17917918   0   
1645.18018018   0   
1646.18118118   0   
1647.18218218   0   
1648.18318318   0   
1649.18418418   0   
1650.18518519   0   
1651.18618619   0   
1652.18718719   0   
1653.18818819   0   
1654.18918919   0   
1655.19019019   0   
1656.19119119   0   
1657.19219219   0   
1658.19319319   0   
1659.19419419   0   
1660.1951952   0   
1661.1961962   0   
1662.1971972   0   
1663.1981982   0   
1664.1991992   0   
1665.2002002   0   
1666.2012012   0   
1667.2022022   0   
1668.2032032   0   
1669.2042042   0   
1670.20520521   0   
1671.20620621   0   
1672.20720721   0   
1673.20820821   0   
1674.20920921   0   
1675.21021021   0   
1676.21121121   0   
1677.21221221   0   
1678.21321321   0   
1679.21421421   0   
1680.21521522   0   
1681.21621622   0   
1682.21721722   0   
1683.21821822   0   
1684.21921922   0   
1685.22022022   0   
1686.22122122   0   
1687.22222222   0   
1688.22322322   0   
1689.22422422   0   
1690.22522523   0   
1691.22622623   0   
1692.22722723   0   
1693.22822823   0   
1694.22922923   0   
1695.23023023   0   
1696.23123123   0   
1697.23223223   0   
1698.23323323   0   
1699.23423423   0   
1700.23523524   0   
1701.23623624   0   
1702.23723724   0   
1703.23823824   0   
1704.23923924   0   
1705.24024024   0   
1706.24124124   0   
1707.24224224   0   
1708.24324324   0   
1709.24424424   0   
1710.24524525   0   
1711.24624625   0   
1712.24724725   0   
1713.24824825   0   
1714.24924925   0   
1715.25025025   0   
1716.25125125   0   
1717.25225225   0   
1718.25325325   0   
1719.25425425   0   
1720.25525526   0   
1721.25625626   0   
1722.25725726   0   
1723.25825826   0   
1724.25925926   0   
1725.26026026   0   
1726.26126126   0   
1727.26226226   0   
1728.26326326   0   
1729.26426426   0   
1730.26526527   0   
1731.26626627   0   
1732.26726727   0   
1733.26826827   0   
1734.26926927   0   
1735.27027027   0   
1736.27127127   0   
1737.27227227   0   
1738.27327327   0   
1739.27427427   0   
1740.27527528   0   
1741.27627628   0   
1742.27727728   0   
1743.27827828   0   
1744.27927928   0   
1745.28028028   0   
1746.28128128   0   
1747.28228228   0   
1748.28328328   0   
1749.28428428   0   
1750.28528529   0   
1751.28628629   0   
1752.28728729   0   
1753.28828829   0   
1754.28928929   0   
1755.29029029   0   
1756.29129129   0   
1757.29229229   0   
1758.29329329   0   
1759.29429429   0   
1760.2952953   0   
1761.2962963   0   
1762.2972973   0   
1763.2982983   0   
1764.2992993   0   
1765.3003003   0   
1766.3013013   0   
1767.3023023   0   
1768.3033033   0   
1769.3043043   0   
1770.30530531   0   
1771.30630631   0   
1772.30730731   0   
1773.30830831   0   
1774.30930931   0   
1775.31031031   0   
1776.31131131   0   
1777.31231231   0   
1778.31331331   0   
1779.31431431   0   
1780.31531532   0   
1781.31631632   0   
1782.31731732   0   
1783.31831832   0   
1784.31931932   0   
1785.32032032   0   
1786.32132132   0   
1787.32232232   0   
1788.32332332   0   
1789.32432432   0   
1790.32532533   0   
1791.32632633   0   
1792.32732733   0   
1793.32832833   0   
1794.32932933   0   
1795.33033033   0   
1796.33133133   0   
1797.33233233   0   
1798.33333333   0   
1799.33433433   0   
1800.33533534   0   
1801.33633634   0   
1802.33733734   0   
1803.33833834   0   
1804.33933934   0   
1805.34034034   0   
1806.34134134   0   
1807.34234234   0   
1808.34334334   0   
1809.34434434   0   
1810.34534535   0   
1811.34634635   0   
1812.34734735   0   
1813.34834835   0   
1814.34934935   0   
1815.35035035   0   
1816.35135135   0   
1817.35235235   0   
1818.35335335   0   
1819.35435435   0   
1820.35535536   0   
1821.35635636   0   
1822.35735736   0   
1823.35835836   0   
1824.35935936   0   
1825.36036036   0   
1826.36136136   0   
1827.36236236   0   
1828.36336336   0   
1829.36436436   0   
1830.36536537   0   
1831.36636637   0   
1832.36736737   0   
1833.36836837   0   
1834.36936937   0   
1835.37037037   0   
1836.37137137   0   
1837.37237237   0   
1838.37337337   0   
1839.37437437   0   
1840.37537538   0   
1841.37637638   0   
1842.37737738   0   
1843.37837838   0   
1844.37937938   0   
1845.38038038   0   
1846.38138138   0   
1847.38238238   0   
1848.38338338   0   
1849.38438438   0   
1850.38538539   0   
1851.38638639   0   
1852.38738739   0   
1853.38838839   0   
1854.38938939   0   
1855.39039039   0   
1856.39139139   0   
1857.39239239   0   
1858.39339339   0   
1859.39439439   0   
1860.3953954   0   
1861.3963964   0   
1862.3973974   0   
1863.3983984   0   
1864.3993994   0   
1865.4004004   0   
1866.4014014   0   
1867.4024024   0   
1868.4034034   0   
1869.4044044   0   
1870.40540541   0   
1871.40640641   0   
1872.40740741   0   
1873.40840841   0   
1874.40940941   0   
1875.41041041   0   
1876.41141141   0   
1877.41241241   0   
1878.41341341   0   
1879.41441441   0   
1880.41541542   0   
1881.41641642   0   
1882.41741742   0   
1883.41841842   0   
1884.41941942   0   
1885.42042042   0   
1886.42142142   0   
1887.42242242   0   
1888.42342342   0   
1889.42442442   0   
1890.42542543   0   
1891.42642643   0   
1892.42742743   0   
1893.42842843   0   
1894.42942943   0   
1895.43043043   0   
1896.43143143   0   
1897.43243243   0   
1898.43343343   0   
1899.43443443   0   
1900.43543544   0   
1901.43643644   0   
1902.43743744   0   
1903.43843844   0   
1904.43943944   0   
1905.44044044   0   
1906.44144144   0   
1907.44244244   0   
1908.44344344   0   
1909.44444444   0   
1910.44544545   0   
1911.44644645   0   
1912.44744745   0   
1913.44844845   0   
1914.44944945   0   
1915.45045045   0   
1916.45145145   0   
1917.45245245   0   
1918.45345345   0   
1919.45445445   0   
1920.45545546   0   
1921.45645646   0   
1922.45745746   0   
1923.45845846   0   
1924.45945946   0   
1925.46046046   0   
1926.46146146   0   
1927.46246246   0   
1928.46346346   0   
1929.46446446   0   
1930.46546547   0   
1931.46646647   0   
1932.46746747   0   
1933.46846847   0   
1934.46946947   0   
1935.47047047   0   
1936.47147147   0   
1937.47247247   0   
1938.47347347   0   
1939.47447447   0   
1940.47547548   0   
1941.47647648   0   
1942.47747748   0   
1943.47847848   0   
1944.47947948   0   
1945.48048048   0   
1946.48148148   0   
1947.48248248   0   
1948.48348348   0   
1949.48448448   1   
1950.48548549   1   
1951.48648649   1   
1952.48748749   1   
1953.48848849   1   
1954.48948949   1   
1955.49049049   1   
1956.49149149   1   
1957.49249249   1   
1958.49349349   1   
1959.49449449   1   
1960.4954955   1   
1961.4964965   1   
1962.4974975   1   
1963.4984985   1   
1964.4994995   1   
1965.5005005   1   
1966.5015015   1   
1967.5025025   1   
1968.5035035   1   
1969.5045045   1   
1970.50550551   1   
1971.50650651   1   
1972.50750751   1   
1973.50850851   1   
1974.50950951   1   
1975.51051051   1   
1976.51151151   1   
1977.51251251   1   
1978.51351351   1   
1979.51451451   1   
1980.51551552   1   
1981.51651652   0   
1982.51751752   0   
1983.51851852   0   
1984.51951952   0   
1985.52052052   0   
1986.52152152   0   
1987.52252252   0   
1988.52352352   0   
1989.52452452   0   
1990.52552553   0   
1991.52652653   0   
1992.52752753   0   
1993.52852853   0   
1994.52952953   0   
1995.53053053   0   
1996.53153153   0   
1997.53253253   0   
1998.53353353   0   
1999.53453453   0   
2000.53553554   0   
2001.53653654   0   
2002.53753754   0   
2003.53853854   0   
2004.53953954   0   
2005.54054054   0   
2006.54154154   0   
2007.54254254   0   
2008.54354354   0   
2009.54454454   0   
2010.54554555   0   
2011.54654655   0   
2012.54754755   0   
2013.54854855   0   
2014.54954955   0   
2015.55055055   0   
2016.55155155   0   
2017.55255255   0   
2018.55355355   0   
2019.55455455   0   
2020.55555556   0   
2021.55655656   0   
2022.55755756   0   
2023.55855856   0   
2024.55955956   0   
2025.56056056   0   
2026.56156156   0   
2027.56256256   0   
2028.56356356   0   
2029.56456456   0   
2030.56556557   0   
2031.56656657   0   
2032.56756757   0   
2033.56856857   0   
2034.56956957   0   
2035.57057057   0   
2036.57157157   0   
2037.57257257   0   
2038.57357357   0   
2039.57457457   0   
2040.57557558   0   
2041.57657658   0   
2042.57757758   0   
2043.57857858   0   
2044.57957958   0   
2045.58058058   0   
2046.58158158   0   
2047.58258258   0   
2048.58358358   0   
2049.58458458   0   
2050.58558559   0   
2051.58658659   0   
2052.58758759   0   
2053.58858859   0   
2054.58958959   0   
2055.59059059   0   
2056.59159159   0   
2057.59259259   0   
2058.59359359   0   
2059.59459459   0   
2060.5955956   0   
2061.5965966   0   
2062.5975976   0   
2063.5985986   0   
2064.5995996   0   
2065.6006006   0   
2066.6016016   0   
2067.6026026   0   
2068.6036036   0   
2069.6046046   0   
2070.60560561   0   
2071.60660661   0   
2072.60760761   0   
2073.60860861   0   
2074.60960961   0   
2075.61061061   0   
2076.61161161   0   
2077.61261261   0   
2078.61361361   0   
2079.61461461   0   
2080.61561562   0   
2081.61661662   0   
2082.61761762   0   
2083.61861862   0   
2084.61961962   0   
2085.62062062   0   
2086.62162162   0   
2087.62262262   0   
2088.62362362   0   
2089.62462462   0   
2090.62562563   0   
2091.62662663   0   
2092.62762763   0   
2093.62862863   0   
2094.62962963   0   
2095.63063063   0   
2096.63163163   0   
2097.63263263   0   
2098.63363363   0   
2099.63463463   0   
2100.63563564   0   
2101.63663664   0   
2102.63763764   0   
2103.63863864   0   
2104.63963964   0   
2105.64064064   0   
2106.64164164   0   
2107.64264264   0   
2108.64364364   0   
2109.64464464   0   
2110.64564565   0   
2111.64664665   0   
2112.64764765   0   
2113.64864865   0   
2114.64964965   0   
2115.65065065   0   
2116.65165165   0   
2117.65265265   0   
2118.65365365   0   
2119.65465465   0   
2120.65565566   0   
2121.65665666   0   
2122.65765766   0   
2123.65865866   0   
2124.65965966   0   
2125.66066066   0   
2126.66166166   0   
2127.66266266   0   
2128.66366366   0   
2129.66466466   0   
2130.66566567   0   
2131.66666667   0   
2132.66766767   0   
2133.66866867   0   
2134.66966967   0   
2135.67067067   0   
2136.67167167   0   
2137.67267267   0   
2138.67367367   0   
2139.67467467   0   
2140.67567568   0   
2141.67667668   0   
2142.67767768   0   
2143.67867868   0   
2144.67967968   0   
2145.68068068   0   
2146.68168168   0   
2147.68268268   0   
2148.68368368   0   
2149.68468468   0   
2150.68568569   0   
2151.68668669   0   
2152.68768769   0   
2153.68868869   0   
2154.68968969   0   
2155.69069069   0   
2156.69169169   0   
2157.69269269   0   
2158.69369369   0   
2159.69469469   0   
2160.6956957   0   
2161.6966967   0   
2162.6976977   0   
2163.6986987   0   
2164.6996997   0   
2165.7007007   0   
2166.7017017   0   
2167.7027027   0   
2168.7037037   0   
2169.7047047   0   
2170.70570571   0   
2171.70670671   0   
2172.70770771   0   
2173.70870871   0   
2174.70970971   0   
2175.71071071   0   
2176.71171171   0   
2177.71271271   0   
2178.71371371   0   
2179.71471471   0   
2180.71571572   0   
2181.71671672   0   
2182.71771772   0   
2183.71871872   0   
2184.71971972   0   
2185.72072072   0   
2186.72172172   0   
2187.72272272   0   
2188.72372372   0   
2189.72472472   0   
2190.72572573   0   
2191.72672673   0   
2192.72772773   0   
2193.72872873   0   
2194.72972973   0   
2195.73073073   0   
2196.73173173   0   
2197.73273273   0   
2198.73373373   0   
2199.73473473   0   
2200.73573574   0   
2201.73673674   0   
2202.73773774   0   
2203.73873874   0   
2204.73973974   0   
2205.74074074   0   
2206.74174174   0   
2207.74274274   0   
2208.74374374   0   
2209.74474474   0   
2210.74574575   0   
2211.74674675   0   
2212.74774775   0   
2213.74874875   0   
2214.74974975   0   
2215.75075075   0   
2216.75175175   0   
2217.75275275   0   
2218.75375375   0   
2219.75475475   0   
2220.75575576   0   
2221.75675676   0   
2222.75775776   0   
2223.75875876   0   
2224.75975976   0   
2225.76076076   0   
2226.76176176   0   
2227.76276276   0   
2228.76376376   0   
2229.76476476   0   
2230.76576577   0   
2231.76676677   0   
2232.76776777   0   
2233.76876877   0   
2234.76976977   0   
2235.77077077   0   
2236.77177177   0   
2237.77277277   0   
2238.77377377   0   
2239.77477477   0   
2240.77577578   0   
2241.77677678   0   
2242.77777778   0   
2243.77877878   0   
2244.77977978   0   
2245.78078078   0   
2246.78178178   0   
2247.78278278   0   
2248.78378378   0   
2249.78478478   0   
2250.78578579   0   
2251.78678679   0   
2252.78778779   0   
2253.78878879   0   
2254.78978979   0   
2255.79079079   0   
2256.79179179   0   
2257.79279279   0   
2258.79379379   0   
2259.79479479   0   
2260.7957958   0   
2261.7967968   0   
2262.7977978   0   
2263.7987988   0   
2264.7997998   0   
2265.8008008   0   
2266.8018018   0   
2267.8028028   0   
2268.8038038   0   
2269.8048048   0   
2270.80580581   0   
2271.80680681   0   
2272.80780781   0   
2273.80880881   0   
2274.80980981   0   
2275.81081081   0   
2276.81181181   0   
2277.81281281   0   
2278.81381381   0   
2279.81481481   0   
2280.81581582   0   
2281.81681682   0   
2282.81781782   0   
2283.81881882   0   
2284.81981982   0   
2285.82082082   0   
2286.82182182   0   
2287.82282282   0   
2288.82382382   0   
2289.82482482   0   
2290.82582583   0   
2291.82682683   0   
2292.82782783   0   
2293.82882883   0   
2294.82982983   0   
2295.83083083   0   
2296.83183183   0   
2297.83283283   0   
2298.83383383   0   
2299.83483483   0   
2300.83583584   0   
2301.83683684   0   
2302.83783784   0   
2303.83883884   0   
2304.83983984   0   
2305.84084084   0   
2306.84184184   0   
2307.84284284   0   
2308.84384384   0   
2309.84484484   0   
2310.84584585   0   
2311.84684685   0   
2312.84784785   0   
2313.84884885   0   
2314.84984985   0   
2315.85085085   0   
2316.85185185   0   
2317.85285285   0   
2318.85385385   0   
2319.85485485   0   
2320.85585586   0   
2321.85685686   0   
2322.85785786   0   
2323.85885886   0   
2324.85985986   0   
2325.86086086   0   
2326.86186186   0   
2327.86286286   0   
2328.86386386   0   
2329.86486486   0   
2330.86586587   0   
2331.86686687   0   
2332.86786787   0   
2333.86886887   0   
2334.86986987   0   
2335.87087087   0   
2336.87187187   0   
2337.87287287   0   
2338.87387387   0   
2339.87487487   0   
2340.87587588   0   
2341.87687688   0   
2342.87787788   0   
2343.87887888   0   
2344.87987988   0   
2345.88088088   0   
2346.88188188   0   
2347.88288288   0   
2348.88388388   0   
2349.88488488   0   
2350.88588589   0   
2351.88688689   0   
2352.88788789   0   
2353.88888889   0   
2354.88988989   0   
2355.89089089   0   
2356.89189189   0   
2357.89289289   0   
2358.89389389   0   
2359.89489489   0   
2360.8958959   0   
2361.8968969   0   
2362.8978979   0   
2363.8988989   0   
2364.8998999   0   
2365.9009009   0   
2366.9019019   0   
2367.9029029   0   
2368.9039039   0   
2369.9049049   0   
2370.90590591   0   
2371.90690691   0   
2372.90790791   0   
2373.90890891   0   
2374.90990991   0   
2375.91091091   0   
2376.91191191   0   
2377.91291291   0   
2378.91391391   0   
2379.91491491   0   
2380.91591592   0   
2381.91691692   0   
2382.91791792   0   
2383.91891892   0   
2384.91991992   0   
2385.92092092   0   
2386.92192192   0   
2387.92292292   0   
2388.92392392   0   
2389.92492492   0   
2390.92592593   0   
2391.92692693   0   
2392.92792793   0   
2393.92892893   0   
2394.92992993   0   
2395.93093093   0   
2396.93193193   0   
2397.93293293   0   
2398.93393393   0   
2399.93493493   0   
2400.93593594   0   
2401.93693694   0   
2402.93793794   0   
2403.93893894   0   
2404.93993994   0   
2405.94094094   0   
2406.94194194   0   
2407.94294294   0   
2408.94394394   0   
2409.94494494   0   
2410.94594595   0   
2411.94694695   0   
2412.94794795   0   
2413.94894895   0   
2414.94994995   0   
2415.95095095   0   
2416.95195195   0   
2417.95295295   0   
2418.95395395   0   
2419.95495495   0   
2420.95595596   0   
2421.95695696   0   
2422.95795796   0   
2423.95895896   0   
2424.95995996   0   
2425.96096096   0   
2426.96196196   0   
2427.96296296   0   
2428.96396396   0   
2429.96496496   0   
2430.96596597   0   
2431.96696697   0   
2432.96796797   0   
2433.96896897   0   
2434.96996997   0   
2435.97097097   0   
2436.97197197   0   
2437.97297297   0   
2438.97397397   0   
2439.97497497   0   
2440.97597598   0   
2441.97697698   0   
2442.97797798   0   
2443.97897898   0   
2444.97997998   0   
2445.98098098   0   
2446.98198198   0   
2447.98298298   0   
2448.98398398   0   
2449.98498498   0   
2450.98598599   0   
2451.98698699   0   
2452.98798799   0   
2453.98898899   0   
2454.98998999   0   
2455.99099099   0   
2456.99199199   0   
2457.99299299   0   
2458.99399399   0   
2459.99499499   0   
2460.995996   0   
2461.996997   0   
2462.997998   0   
2463.998999   0   
2464.0   0   
