  -0.103548121D+04   0.263646170D+04  -0.313851035D+04   0.266921650D+04  -0.175425649D+04   0.905061566D+03  -0.361216484D+03   0.106560886D+03  -0.209941198D+02   0.210531829D+01
  -0.781670963D+02   0.225828110D+03  -0.255928874D+03   0.208353686D+03  -0.131636547D+03   0.655374582D+02  -0.253298548D+02   0.725928283D+01  -0.139314218D+01   0.136345437D+00
  -0.588971626D+02   0.190423506D+03  -0.224778189D+03   0.189721335D+03  -0.123803188D+03   0.634661816D+02  -0.251922743D+02   0.739946853D+01  -0.145310113D+01   0.145421783D+00
  -0.530409584D+02   0.181671067D+03  -0.220239023D+03   0.191427385D+03  -0.128765684D+03   0.680425044D+02  -0.278241602D+02   0.841234736D+01  -0.169914203D+01   0.174820289D+00
  -0.482426384D+00   0.486741362D+02  -0.578454281D+02   0.495539781D+02  -0.329087270D+02   0.171862909D+02  -0.695149639D+01   0.208038271D+01  -0.416202763D+00   0.424395436D-01
  -0.829370042D+03   0.211542363D+04  -0.251260779D+04   0.213196723D+04  -0.139806465D+04   0.719842081D+03  -0.286790530D+03   0.844808963D+02  -0.166245728D+02   0.166567271D+01
  -0.654245234D+02   0.195270523D+03  -0.221467038D+03   0.180389216D+03  -0.114007094D+03   0.567728424D+02  -0.219452489D+02   0.628968173D+01  -0.120707955D+01   0.118132948D+00
  -0.481735379D+02   0.163025202D+03  -0.192484164D+03   0.162536839D+03  -0.106101212D+03   0.544027470D+02  -0.215961993D+02   0.634300986D+01  -0.124549437D+01   0.124624583D+00
  -0.418400315D+02   0.152191154D+03  -0.184237656D+03   0.159975189D+03  -0.107517943D+03   0.567726726D+02  -0.232004849D+02   0.701036505D+01  -0.141523885D+01   0.145543453D+00
   0.651925747D+00   0.450275884D+02  -0.534026177D+02   0.456815490D+02  -0.302984387D+02   0.158046023D+02  -0.638567005D+01   0.190909219D+01  -0.381564736D+00   0.388716317D-01
  -0.789198429D+03   0.201835114D+04  -0.240155649D+04   0.204103563D+04  -0.134030948D+04   0.690890742D+03  -0.275491566D+03   0.811985145D+02  -0.159831693D+02   0.160142262D+01
  -0.567462993D+02   0.174357648D+03  -0.197895169D+03   0.161296566D+03  -0.102001879D+03   0.508229468D+02  -0.196554768D+02   0.563607466D+01  -0.108211205D+01   0.105945397D+00
  -0.409709134D+02   0.144537629D+03  -0.170679745D+03   0.144184385D+03  -0.941588248D+02   0.482947745D+02  -0.191757600D+02   0.563281869D+01  -0.110609312D+01   0.110673477D+00
  -0.348374016D+02   0.133661346D+03  -0.161604026D+03   0.140195163D+03  -0.941498452D+02   0.496787348D+02  -0.202884540D+02   0.612685683D+01  -0.123621319D+01   0.127069382D+00
   0.133305818D+01   0.427219814D+02  -0.505942481D+02   0.432343899D+02  -0.286493505D+02   0.149319515D+02  -0.602840629D+01   0.180096959D+01  -0.359706453D+00   0.366207182D-01
  -0.682265440D+03   0.175056838D+04  -0.208381202D+04   0.177178458D+04  -0.116403348D+04   0.600302743D+03  -0.239478728D+03   0.706153910D+02  -0.139059510D+02   0.139387487D+01
  -0.464638996D+02   0.149345358D+03  -0.169527405D+03   0.138192000D+03  -0.873993836D+02   0.435515083D+02  -0.168449005D+02   0.483055126D+01  -0.927509997D+00   0.908126867D-01
  -0.330279108D+02   0.124047004D+03  -0.146494498D+03   0.123824998D+03  -0.809166283D+02   0.415286262D+02  -0.164981382D+02   0.484842782D+01  -0.952395952D+00   0.953193121D-01
  -0.276402314D+02   0.114494647D+03  -0.138192016D+03   0.119733183D+03  -0.803189158D+02   0.423377996D+02  -0.172743343D+02   0.521213012D+01  -0.105080616D+01   0.107930490D+00
   0.200745951D+01   0.402954301D+02  -0.476392107D+02   0.406600538D+02  -0.269150036D+02   0.140144226D+02  -0.565286682D+01   0.168734510D+01  -0.336741680D+00   0.342564474D-01
  -0.942295463D+03   0.240161428D+04  -0.285833747D+04   0.243074775D+04  -0.159753660D+04   0.824261239D+03  -0.329007612D+03   0.970747851D+02  -0.191289671D+02   0.191870731D+01
  -0.708396896D+02   0.207874715D+03  -0.235284700D+03   0.191395884D+03  -0.120858185D+03   0.601485568D+02  -0.232406044D+02   0.665910674D+01  -0.127774658D+01   0.125034715D+00
  -0.543238303D+02   0.178725982D+03  -0.210826698D+03   0.177845201D+03  -0.115990771D+03   0.594299808D+02  -0.235780841D+02   0.692192884D+01  -0.135867747D+01   0.135910362D+00
  -0.499685402D+02   0.173593115D+03  -0.210360157D+03   0.182782316D+03  -0.122914609D+03   0.649329914D+02  -0.265458359D+02   0.802393831D+01  -0.162032530D+01   0.166675463D+00
  -0.212375688D+00   0.477957060D+02  -0.567748304D+02   0.486204779D+02  -0.322792305D+02   0.168529453D+02  -0.681492816D+01   0.203902258D+01  -0.407835510D+00   0.415773108D-01
  -0.708172444D+03   0.181297097D+04  -0.215732138D+04   0.183463243D+04  -0.120578379D+04   0.622115102D+03  -0.248300571D+03   0.732537235D+02  -0.144330442D+02   0.144748330D+01
  -0.496362283D+02   0.155975202D+03  -0.175663846D+03   0.142399841D+03  -0.896997826D+02   0.445674541D+02  -0.172016210D+02   0.492554679D+01  -0.944798603D+00   0.924454516D-01
  -0.412828137D+02   0.145309282D+03  -0.171202171D+03   0.144293082D+03  -0.940216998D+02   0.481250623D+02  -0.190721524D+02   0.559266780D+01  -0.109646452D+01   0.109549459D+00
  -0.387242471D+02   0.143930964D+03  -0.174127521D+03   0.151118115D+03  -0.101515721D+03   0.535783112D+02  -0.218852826D+02   0.661011245D+01  -0.133388399D+01   0.137121885D+00
   0.887827542D+00   0.441702039D+02  -0.523578689D+02   0.447707753D+02  -0.296843982D+02   0.154795105D+02  -0.625251118D+01   0.186877280D+01  -0.373409635D+00   0.380314217D-01
  -0.553726334D+03   0.142732909D+04  -0.170426057D+04   0.145777401D+04  -0.965601170D+03   0.502832951D+03  -0.202749619D+03   0.604561281D+02  -0.120400744D+02   0.122025306D+01
  -0.384848867D+02   0.129034454D+03  -0.145164945D+03   0.117407105D+03  -0.737299348D+02   0.365043348D+02  -0.140365840D+02   0.400366159D+01  -0.764953561D+00   0.745556522D-01
  -0.317560201D+02   0.120758186D+03  -0.142450388D+03   0.120277462D+03  -0.785166403D+02   0.402567906D+02  -0.159778017D+02   0.469134199D+01  -0.920767854D+00   0.920809295D-01
  -0.278669969D+02   0.115078828D+03  -0.138898624D+03   0.120343465D+03  -0.807259479D+02   0.425507415D+02  -0.173604470D+02   0.523785419D+01  -0.105593591D+01   0.108451180D+00
   0.195807451D+01   0.404283178D+02  -0.478008957D+02   0.408007653D+02  -0.270096982D+02   0.140644625D+02  -0.567332427D+01   0.169352761D+01  -0.337989792D+00   0.343847948D-01
  -0.399752431D+03   0.103690675D+04  -0.123165538D+04   0.104635770D+04  -0.687435258D+03   0.354719435D+03  -0.141649040D+03   0.418228854D+02  -0.824865992D+01   0.828223737D+00
  -0.259541913D+02   0.983517594D+02  -0.110474042D+03   0.893382425D+02  -0.561381474D+02   0.278264971D+02  -0.107159553D+02   0.306181525D+01  -0.586087570D+00   0.572319675D-01
  -0.217206708D+02   0.946642009D+02  -0.111465942D+03   0.940422226D+02  -0.613627178D+02   0.314521241D+02  -0.124802891D+02   0.366363608D+01  -0.718908918D+00   0.718781621D-01
  -0.206612578D+02   0.956438917D+02  -0.115156126D+03   0.995884156D+02  -0.666930885D+02   0.351001640D+02  -0.143001507D+02   0.430872487D+01  -0.867524126D+00   0.889926395D-01
   0.255829897D+01   0.379466287D+02  -0.447792945D+02   0.381690003D+02  -0.252370560D+02   0.131268862D+02  -0.528966600D+01   0.157747248D+01  -0.314538878D+00   0.319709933D-01
  -0.321007838D+03   0.839361908D+03  -0.996686012D+03   0.846525104D+03  -0.556067062D+03   0.286907423D+03  -0.114560280D+03   0.338207225D+02  -0.666922696D+01   0.669473618D+00
  -0.190809431D+02   0.814697439D+02  -0.916165586D+02   0.741172757D+02  -0.465604905D+02   0.230643477D+02  -0.887503326D+01   0.253368607D+01  -0.484584244D+00   0.472807109D-01
  -0.146889422D+02   0.761184748D+02  -0.896159803D+02   0.756944005D+02  -0.494682234D+02   0.253993884D+02  -0.100964096D+02   0.296901952D+01  -0.583590311D+00   0.584432219D-01
  -0.143015713D+02   0.782682430D+02  -0.939495933D+02   0.810700135D+02  -0.541865716D+02   0.284676125D+02  -0.115789860D+02   0.348349694D+01  -0.700368798D+00   0.717484030D-01
   0.309430823D+01   0.355051822D+02  -0.418078056D+02   0.355819669D+02  -0.234953167D+02   0.122060742D+02  -0.491303998D+01   0.146359636D+01  -0.291538624D+00   0.296046344D-01
  -0.254485892D+03   0.673450229D+03  -0.800838275D+03   0.680739922D+03  -0.447315548D+03   0.230787216D+03  -0.921213059D+02   0.271810861D+02  -0.535602533D+01   0.537189171D+00
  -0.109147374D+02   0.609970661D+02  -0.687935110D+02   0.558234968D+02  -0.351516720D+02   0.174441669D+02  -0.672188894D+01   0.192125078D+01  -0.367834231D+00   0.359241901D-01
  -0.612654005D+01   0.531331399D+02  -0.623236389D+02   0.525823274D+02  -0.343566120D+02   0.176453218D+02  -0.701820575D+01   0.206541820D+01  -0.406342893D+00   0.407328170D-01
  -0.823425769D+01   0.611514900D+02  -0.730654809D+02   0.628384419D+02  -0.418769705D+02   0.219409592D+02  -0.890177173D+01   0.267172030D+01  -0.535957240D+00   0.547886355D-01
   0.346475918D+01   0.329926819D+02  -0.387506849D+02   0.329211994D+02  -0.217045155D+02   0.112596370D+02  -0.452606089D+01   0.134662819D+01  -0.267921476D+00   0.271755820D-01
  -0.148191554D+03   0.405015756D+03  -0.481322668D+03   0.408710784D+03  -0.268220508D+03   0.138203949D+03  -0.550975995D+02   0.162388718D+02  -0.319673729D+01   0.320350790D+00
  -0.182370651D+01   0.371765534D+02  -0.420178291D+02   0.342718446D+02  -0.216906251D+02   0.108115501D+02  -0.418122949D+01   0.119856397D+01  -0.230001181D+00   0.225035227D-01
   0.209129573D+01   0.300132054D+02  -0.347738454D+02   0.291498204D+02  -0.189613135D+02   0.970582571D+01  -0.385033616D+01   0.113080475D+01  -0.222105934D+00   0.222351761D-01
  -0.302471555D+01   0.452731793D+02  -0.537081848D+02   0.459546399D+02  -0.304876807D+02   0.159077175D+02  -0.642914249D+01   0.192262013D+01  -0.384365306D+00   0.391637834D-01
   0.346118900D+01   0.304681980D+02  -0.356800307D+02   0.302496678D+02  -0.199071910D+02   0.103101422D+02  -0.413799143D+01   0.122937841D+01  -0.244257036D+00   0.247426398D-01
  -0.960257939D+02   0.272539432D+03  -0.324038291D+03   0.275248066D+03  -0.180633686D+03   0.930495832D+02  -0.370808012D+02   0.109235704D+02  -0.214931107D+01   0.215280256D+00
   0.295811232D+01   0.237849862D+02  -0.267200592D+02   0.217927838D+02  -0.138156759D+02   0.690251557D+01  -0.267640255D+01   0.769229225D+00  -0.147994706D+00   0.145158194D-01
   0.514851770D+01   0.203675219D+02  -0.232744379D+02   0.193580035D+02  -0.125180906D+02   0.637692034D+01  -0.251941984D+01   0.737305945D+00  -0.144364828D+00   0.144120956D-01
  -0.115799231D+01   0.384821258D+02  -0.454362089D+02   0.387463942D+02  -0.256299627D+02   0.133369822D+02  -0.537660082D+01   0.160405297D+01  -0.319959246D+00   0.325314877D-01
   0.312853124D+01   0.293064900D+02  -0.342673679D+02   0.290209906D+02  -0.190808366D+02   0.987373540D+01  -0.395968511D+01   0.117552310D+01  -0.233390942D+00   0.236258514D-01
  -0.632824414D+02   0.188684798D+03  -0.224280086D+03   0.190548753D+03  -0.125062461D+03   0.644172860D+02  -0.256631832D+02   0.755662502D+01  -0.148597189D+01   0.148739413D+00
   0.542046588D+01   0.162359142D+02  -0.180046022D+02   0.146037851D+02  -0.922915959D+01   0.460203406D+01  -0.178219082D+01   0.511822587D+00  -0.984255263D-01   0.965156015D-02
   0.631223948D+01   0.158272146D+02  -0.178682958D+02   0.147590903D+02  -0.949419930D+01   0.481553490D+01  -0.189544534D+01   0.552881654D+00  -0.107937565D+00   0.107469577D-01
  -0.475193147D+00   0.350753907D+02  -0.412886898D+02   0.351342744D+02  -0.231971699D+02   0.120503181D+02  -0.485012058D+01   0.144480226D+01  -0.287782025D+00   0.292199450D-01
   0.271693926D+01   0.286994802D+02  -0.335293305D+02   0.283791724D+02  -0.186492469D+02   0.964584558D+01  -0.386658964D+01   0.114740933D+01  -0.227719499D+00   0.230430495D-01
  -0.300086184D+02   0.102276312D+03  -0.121492024D+03   0.103396154D+03  -0.680305900D+02   0.351386183D+02  -0.140385585D+02   0.414515650D+01  -0.817276398D+00   0.820091654D-01
   0.721717604D+01   0.919796874D+01  -0.987123274D+01   0.788090291D+01  -0.492859161D+01   0.243860532D+01  -0.938667516D+00   0.268256282D+00  -0.513784571D-01   0.502103005D-02
   0.689412079D+01   0.116042293D+02  -0.128502934D+02   0.104983256D+02  -0.669743842D+01   0.337368529D+01  -0.132006286D+01   0.383041042D+00  -0.744309226D-01   0.737939291D-02
  -0.239511067D+00   0.316386881D+02  -0.371064967D+02   0.314937139D+02  -0.207464736D+02   0.107548623D+02  -0.432032107D+01   0.128463103D+01  -0.255435489D+00   0.258926765D-01
   0.185613148D+01   0.280666871D+02  -0.327600233D+02   0.277102378D+02  -0.181994774D+02   0.940838588D+01  -0.376959691D+01   0.111812227D+01  -0.221812097D+00   0.224360745D-01
  -0.451668665D+03   0.116872504D+04  -0.139033172D+04   0.118251299D+04  -0.777374522D+03   0.401149271D+03  -0.160110510D+03   0.472285778D+02  -0.930259625D+01   0.932584374D+00
  -0.275968630D+02   0.102263639D+03  -0.114641076D+03   0.924991788D+02  -0.579941601D+02   0.286856711D+02  -0.110254267D+02   0.314477340D+01  -0.601047570D+00   0.586149764D-01
  -0.240990018D+02   0.100865376D+03  -0.118865288D+03   0.100336081D+03  -0.654945771D+02   0.335801245D+02  -0.133279399D+02   0.391324672D+01  -0.768015623D+00   0.767984540D-01
  -0.219982033D+02   0.992864165D+02  -0.119608698D+03   0.103483654D+03  -0.693289638D+02   0.365009308D+02  -0.148760622D+02   0.448374896D+01  -0.903051965D+00   0.926656270D-01
   0.246664682D+01   0.383915901D+02  -0.453210705D+02   0.386408891D+02  -0.255549084D+02   0.132950080D+02  -0.535846404D+01   0.159828432D+01  -0.318744415D+00   0.324038851D-01
  -0.447548290D+03   0.116022592D+04  -0.138096121D+04   0.117437504D+04  -0.771803372D+03   0.398201448D+03  -0.158934611D+03   0.468905313D+02  -0.923905499D+01   0.926601950D+00
  -0.265485235D+02   0.100285336D+03  -0.113619991D+03   0.924872267D+02  -0.584180270D+02   0.290785308D+02  -0.112374374D+02   0.322038731D+01  -0.618020381D+00   0.604843567D-01
  -0.181167095D+02   0.851577480D+02  -0.100435303D+03   0.849334715D+02  -0.555603768D+02   0.285516402D+02  -0.113580458D+02   0.334231325D+01  -0.657377023D+00   0.658708344D-01
  -0.160696981D+02   0.831949958D+02  -0.999674267D+02   0.863301972D+02  -0.577429970D+02   0.303559240D+02  -0.123546743D+02   0.371903534D+01  -0.748141016D+00   0.766833037D-01
   0.299131656D+01   0.361591503D+02  -0.426037868D+02   0.362749998D+02  -0.239619337D+02   0.124527779D+02  -0.501395214D+01   0.149411006D+01  -0.297702084D+00   0.302388002D-01
  -0.163919178D+04   0.415303749D+04  -0.494678828D+04   0.420913119D+04  -0.276741404D+04   0.142824208D+04  -0.570177451D+03   0.168244233D+03  -0.331531760D+02   0.332520818D+01
  -0.128632457D+03   0.347023193D+03  -0.393624098D+03   0.320692527D+03  -0.202746004D+03   0.101000392D+03  -0.390570006D+02   0.111987738D+02  -0.215012153D+01   0.210514497D+00
  -0.978540953D+02   0.289293078D+03  -0.341641524D+03   0.288431723D+03  -0.188301731D+03   0.965884002D+02  -0.383648220D+02   0.112756063D+02  -0.221553788D+01   0.221828689D+00
  -0.926819156D+02   0.285179251D+03  -0.346555717D+03   0.301670453D+03  -0.203147894D+03   0.107438575D+03  -0.439619885D+02   0.132975245D+02  -0.268668311D+01   0.276474906D+00
  -0.478702979D+01   0.615375283D+02  -0.735270611D+02   0.632313527D+02  -0.421345741D+02   0.220731522D+02  -0.895413636D+01   0.268704598D+01  -0.538962473D+00   0.550927184D-01
  -0.151217064D+04   0.383446430D+04  -0.456730986D+04   0.388624500D+04  -0.255515058D+04   0.131871871D+04  -0.526465967D+03   0.155349901D+03  -0.306130137D+02   0.307049875D+01
  -0.117656703D+03   0.320843516D+03  -0.363976135D+03   0.296557171D+03  -0.187492282D+03   0.934016990D+02  -0.361180282D+02   0.103558164D+02  -0.198821127D+01   0.194654819D+00
  -0.889403329D+02   0.266755781D+03  -0.315036219D+03   0.265983577D+03  -0.173650650D+03   0.890745949D+02  -0.353812254D+02   0.103991570D+02  -0.204345209D+01   0.204615072D+00
  -0.831803364D+02   0.260449295D+03  -0.316399283D+03   0.275377752D+03  -0.185428795D+03   0.980659514D+02  -0.401279786D+02   0.121385750D+02  -0.245274608D+01   0.252430343D+00
  -0.369236372D+01   0.583617464D+02  -0.696544008D+02   0.598526131D+02  -0.398547731D+02   0.208651715D+02  -0.845894828D+01   0.253699150D+01  -0.508589498D+00   0.519611799D-01
  -0.140309161D+04   0.356084231D+04  -0.424134560D+04   0.360885243D+04  -0.237276477D+04   0.122459780D+04  -0.488897728D+03   0.144267166D+03  -0.284297415D+02   0.285158824D+01
  -0.108237676D+03   0.298343774D+03  -0.338499961D+03   0.275825486D+03  -0.174395782D+03   0.868809619D+02  -0.335973013D+02   0.963319585D+01  -0.184948461D+01   0.181072630D+00
  -0.812851725D+02   0.247366161D+03  -0.292137105D+03   0.246655038D+03  -0.161029697D+03   0.825981188D+02  -0.328077583D+02   0.964262418D+01  -0.189480043D+01   0.189735026D+00
  -0.751088310D+02   0.239408741D+03  -0.290730283D+03   0.252984385D+03  -0.170327191D+03   0.900718808D+02  -0.368553001D+02   0.111484986D+02  -0.225273057D+01   0.231855022D+00
  -0.279325076D+01   0.557159965D+02  -0.664285982D+02   0.570387213D+02  -0.379564450D+02   0.198595008D+02  -0.804676655D+01   0.241211167D+01  -0.483316448D+00   0.493558835D-01
  -0.130922717D+04   0.332529103D+04  -0.396062521D+04   0.336985036D+04  -0.221554177D+04   0.114342177D+04  -0.456481313D+03   0.134700261D+03  -0.265444150D+02   0.266249679D+01
  -0.100208618D+03   0.279140232D+03  -0.316760498D+03   0.258139382D+03  -0.163226568D+03   0.813215554D+02  -0.314488660D+02   0.901748842D+01  -0.173131782D+01   0.169506682D+00
  -0.747550906D+02   0.230799312D+03  -0.272568559D+03   0.230135875D+03  -0.150241107D+03   0.770600885D+02  -0.306061467D+02   0.899502916D+01  -0.176747103D+01   0.176980679D+00
  -0.682769893D+02   0.221571950D+03  -0.268962443D+03   0.233985784D+03  -0.157508123D+03   0.832820762D+02  -0.340738880D+02   0.103064937D+02  -0.208251425D+01   0.214333081D+00
  -0.205194742D+01   0.535029727D+02  -0.637307902D+02   0.546857821D+02  -0.363693533D+02   0.190188540D+02  -0.770227833D+01   0.230775806D+01  -0.462200810D+00   0.471794931D-01
  -0.122630768D+04   0.311724599D+04  -0.371273923D+04   0.315881899D+04  -0.207671016D+04   0.107172890D+04  -0.427844504D+03   0.126246199D+03  -0.248778322D+02   0.249528669D+01
  -0.929903514D+02   0.261849106D+03  -0.297185852D+03   0.242216965D+03  -0.153173683D+03   0.763193334D+02  -0.295164080D+02   0.846387275D+01  -0.162510631D+01   0.159114719D+00
  -0.689089287D+02   0.215943654D+03  -0.255018457D+03   0.215319590D+03  -0.140563625D+03   0.720912990D+02  -0.286301028D+02   0.841349004D+01  -0.165305929D+01   0.165512375D+00
  -0.622365330D+02   0.205776227D+03  -0.249680207D+03   0.217150320D+03  -0.146143568D+03   0.772596975D+02  -0.316055374D+02   0.955884411D+01  -0.193128525D+01   0.198756443D+00
  -0.141123671D+01   0.515614541D+02  -0.613642814D+02   0.526220947D+02  -0.349775791D+02   0.182817762D+02  -0.740027769D+01   0.221628862D+01  -0.443694939D+00   0.452723632D-01
  -0.115333852D+04   0.293414172D+04  -0.349459524D+04   0.297313509D+04  -0.195456940D+04   0.100866037D+04  -0.402653299D+03   0.118809166D+03  -0.234116387D+02   0.234816586D+01
  -0.866127001D+02   0.246535460D+03  -0.279833704D+03   0.228092446D+03  -0.144250963D+03   0.718774886D+02  -0.277998110D+02   0.797195096D+01  -0.153070792D+01   0.149876778D+00
  -0.638301741D+02   0.203017711D+03  -0.239746594D+03   0.202427067D+03  -0.132143000D+03   0.677676266D+02  -0.269103092D+02   0.790720148D+01  -0.155340731D+01   0.155517941D+00
  -0.570639951D+02   0.192227986D+03  -0.233137979D+03   0.202702902D+03  -0.136387548D+03   0.720876412D+02  -0.294847784D+02   0.891618227D+01  -0.180123006D+01   0.185354059D+00
  -0.873129810D+00   0.499054517D+02  -0.593460372D+02   0.508623466D+02  -0.337909531D+02   0.176534340D+02  -0.714286545D+01   0.213833487D+01  -0.427925674D+00   0.436474713D-01
  -0.781278786D+03   0.199703738D+04  -0.237716432D+04   0.202277510D+04  -0.133067382D+04   0.687400207D+03  -0.274758196D+03   0.811890346D+02  -0.160232663D+02   0.160968442D+01
  -0.577798932D+02   0.176139054D+03  -0.199021112D+03   0.161656735D+03  -0.101945326D+03   0.506769552D+02  -0.195604665D+02   0.559935625D+01  -0.107348207D+01   0.104964162D+00
  -0.452272087D+02   0.155449729D+03  -0.183333314D+03   0.154654399D+03  -0.100860953D+03   0.516703619D+02  -0.204946400D+02   0.601482508D+01  -0.118019495D+01   0.118009385D+00
  -0.410781992D+02   0.150165439D+03  -0.181748462D+03   0.157784190D+03  -0.106025392D+03   0.559739554D+02  -0.228697654D+02   0.690913988D+01  -0.139454532D+01   0.143388941D+00
   0.678469453D+00   0.448973187D+02  -0.532436817D+02   0.455427960D+02  -0.302047475D+02   0.157549198D+02  -0.636528676D+01   0.190291021D+01  -0.380312309D+00   0.387423849D-01
  -0.581442227D+03   0.149486265D+04  -0.177885435D+04   0.151328452D+04  -0.995075762D+03   0.513667032D+03  -0.205108109D+03   0.605314752D+02  -0.119290509D+02   0.119650389D+01
  -0.391916738D+02   0.130671504D+03  -0.146938422D+03   0.118856470D+03  -0.746813563D+02   0.370072705D+02  -0.142455149D+02   0.406839399D+01  -0.778405350D+00   0.759799366D-01
  -0.328971176D+02   0.123711485D+03  -0.145867437D+03   0.123092856D+03  -0.803079358D+02   0.411522336D+02  -0.163246797D+02   0.479089074D+01  -0.939894154D+00   0.939560558D-01
  -0.294711066D+02   0.119356558D+03  -0.144120456D+03   0.124903848D+03  -0.838058953D+02   0.441840298D+02  -0.180304567D+02   0.544100372D+01  -0.109707471D+01   0.112693859D+00
   0.179824207D+01   0.410014026D+02  -0.484986848D+02   0.414085498D+02  -0.274190893D+02   0.142810023D+02  -0.576193545D+01   0.172033287D+01  -0.343406380D+00   0.349423358D-01
  -0.438393621D+03   0.113373152D+04  -0.134850020D+04   0.114707976D+04  -0.754148964D+03   0.389201199D+03  -0.155363457D+03   0.458367902D+02  -0.903034261D+01   0.905479902D+00
  -0.266107644D+02   0.991676335D+02  -0.110464322D+03   0.891675983D+02  -0.561131457D+02   0.278938673D+02  -0.107767056D+02   0.308869024D+01  -0.592830724D+00   0.580198895D-01
  -0.266349326D+02   0.107544127D+03  -0.125688040D+03   0.105164101D+03  -0.680523989D+02   0.346044351D+02  -0.136289697D+02   0.397321267D+01  -0.774683362D+00   0.769976427D-01
  -0.337309790D+02   0.130571036D+03  -0.157757619D+03   0.136757983D+03  -0.917696412D+02   0.483831678D+02  -0.197427358D+02   0.595696113D+01  -0.120089462D+01   0.123331020D+00
   0.117420306D+01   0.429190738D+02  -0.508330871D+02   0.434412814D+02  -0.287878780D+02   0.150047653D+02  -0.605801175D+01   0.180986715D+01  -0.361492611D+00   0.368033538D-01
  -3.936604528D+02   1.023605622D+03  -1.219463114D+03   1.039106301D+03  -6.846549114D+02   3.543201668D+02  -1.419277512D+02   4.204793760D+01  -8.324926454D+00   8.396014437D-01
  -2.126671295D+01   8.653061897D+01  -9.676783960D+01   7.827973570D+01  -4.926779875D+01   2.445880876D+01  -9.429835420D+00   2.696577680D+00  -5.166260181D-01   5.053760891D-02
  -1.769413427D+01   8.436150478D+01  -9.825128278D+01   8.203983143D+01  -5.301654514D+01   2.693514069D+01  -1.060313938D+01   3.090564045D+00  -6.026730209D-01   5.993483719D-02
  -2.708886496D+01   1.127070004D+02  -1.359149571D+02   1.176451822D+02  -7.883407277D+01   4.150819657D+01  -1.691603120D+01   5.097907734D+00  -1.026524404D+00   1.053049774D-01
   1.607870514D+00   4.100372805D+01  -4.850602715D+01   4.142074138D+01  -2.743253260D+01   1.429165669D+01  -5.768116238D+00   1.722892987D+00  -3.441011155D-01   3.503830767D-02
  -3.936928958D+02   1.023650786D+03  -1.219544600D+03   1.039210363D+03  -6.847461885D+02   3.543795946D+02  -1.419564753D+02   4.205782197D+01  -8.327124199D+00   8.398431925D-01
  -2.129074988D+01   8.657366476D+01  -9.680518149D+01   7.832698162D+01  -4.931374321D+01   2.448922845D+01  -9.443759640D+00   2.700925991D+00  -5.174806648D-01   5.061913130D-02
  -1.780344986D+01   8.465284990D+01  -9.854455051D+01   8.224103578D+01  -5.311744107D+01   2.697184429D+01  -1.061212473D+01   3.091699857D+00  -6.026303787D-01   5.990687324D-02
  -2.759444213D+01   1.140608097D+02  -1.375676357D+02   1.190886354D+02  -7.980907514D+01   4.202535738D+01  -1.712825990D+01   5.162293802D+00  -1.039575163D+00   1.066531036D-01
   1.546814261D+00   4.121797682D+01  -4.876854712D+01   4.165144294D+01  -2.758973755D+01   1.437602176D+01  -5.803261974D+00   1.733760964D+00  -3.463581763D-01   3.527905567D-02
  -2.155688689D+02   5.761867603D+02  -6.864449349D+02   5.844956229D+02  -3.847777405D+02   1.989544460D+02  -7.962789929D+01   2.357260930D+01  -4.663729269D+00   4.700447290D-01
  -6.300097410D+00   4.906561912D+01  -5.553262477D+01   4.523811940D+01  -2.857557231D+01   1.421336620D+01  -5.485771065D+00   1.569813455D+00  -3.009050233D-01   2.944720603D-02
  -1.064580548D+00   3.915480911D+01  -4.567723623D+01   3.843354083D+01  -2.506734787D+01   1.285806323D+01  -5.109372566D+00   1.502660766D+00  -2.955094191D-01   2.962224576D-02
  -4.927409297D+00   5.138131183D+01  -6.115339592D+01   5.244745729D+01  -3.486689675D+01   1.822722572D+01  -7.379659698D+00   2.210564216D+00  -4.426327519D-01   4.516955686D-02
   3.519253467D+00   3.155647040D+01  -3.700780257D+01   3.140974538D+01  -2.069187019D+01   1.072742256D+01  -4.309904197D+00   1.281821683D+00  -2.549672375D-01   2.586082461D-02
  -1.042117056D+03   2.655202496D+03  -3.165119034D+03   2.696797804D+03  -1.776471524D+03   9.190911930D+02  -3.680440680D+02   1.090052017D+02  -2.157525279D+01   2.175328573D+00
  -7.582761657D+01   2.198164130D+02  -2.486548836D+02   2.020945020D+02  -1.274784202D+02   6.336930056D+01  -2.445622905D+01   7.000125096D+00  -1.342340343D+00   1.314237410D-01
  -5.828853268D+01   1.888368776D+02  -2.227661355D+02   1.879016487D+02  -1.225349760D+02   6.277454782D+01  -2.490155207D+01   7.309581882D+00  -1.434689089D+00   1.435359670D-01
  -5.365357007D+01   1.832757869D+02  -2.221921079D+02   1.931267849D+02  -1.299086554D+02   6.864596963D+01  -2.807062253D+01   8.486755910D+00  -1.714150134D+00   1.763626538D-01
  -6.327529231D-01   4.909934285D+01  -5.837060500D+01   5.002042271D+01  -3.323072192D+01   1.736173686D+01  -7.025870839D+00   2.103844439D+00  -4.211891950D-01   4.298658447D-02
  -7.703922468D+02   1.970195385D+03  -2.346320347D+03   1.997785832D+03  -1.315298824D+03   6.801970712D+02  -2.722862359D+02   8.062355127D+01  -1.595504893D+01   1.608540762D+00
  -5.482257047D+01   1.686538440D+02  -1.900917741D+02   1.540707559D+02  -9.697373546D+01   4.812206285D+01  -1.854618680D+01   5.302621854D+00  -1.015930239D+00   9.939632692D-02
  -4.434335157D+01   1.531658427D+02  -1.805436902D+02   1.522128617D+02  -9.920605430D+01   5.078869529D+01  -2.013118532D+01   5.904209669D+00  -1.157797720D+00   1.157259563D-01
  -4.086101916D+01   1.495890335D+02  -1.810447039D+02   1.571695850D+02  -1.056104211D+02   5.575402892D+01  -2.277963534D+01   6.881852009D+00  -1.389031088D+00   1.428220328D-01
   6.319146497D-01   4.500073919D+01  -5.337684953D+01   4.566754919D+01  -3.029635214D+01   1.580832591D+01  -6.389611714D+00   1.911181084D+00  -3.822128272D-01   3.896891583D-02
  -8.033230670D+02   2.068086841D+03  -2.496676092D+03   2.163523723D+03  -1.453867738D+03   7.696464943D+02  -3.161062442D+02   9.591919115D+01  -1.928510305D+01   1.936380354D+00
  -1.473519463D+01   6.400095953D+01  -5.926928961D+01   3.686876500D+01  -1.576306330D+01   3.974352576D+00  -6.155974084D-03  -4.429210062D-01   1.712686292D-01  -2.532511412D-02
  -4.859056270D+01   1.640641393D+02  -1.935477755D+02   1.632842185D+02  -1.064881114D+02   5.454963083D+01  -2.163463566D+01   6.348801034D+00  -1.245682465D+00   1.245796048D-01
  -4.355607700D+01   1.567131524D+02  -1.897574388D+02   1.647952394D+02  -1.107728039D+02   5.849850541D+01  -2.390842181D+01   7.225032606D+00  -1.458723647D+00   1.500310501D-01
   4.022941966D-01   4.579109576D+01  -5.433965546D+01   4.650658307D+01  -3.086177556D+01   1.610752261D+01  -6.512090100D+00   1.948241111D+00  -3.897030016D-01   3.974012478D-02
  -7.852336719D+02   2.008413712D+03  -2.391768745D+03   2.036056708D+03  -1.340211613D+03   6.929672700D+02  -2.773663396D+02   8.212097190D+01  -1.625026707D+01   1.638190140D+00
  -5.660574110D+01   1.736063949D+02  -1.964480981D+02   1.596635511D+02  -1.006937148D+02   5.003926691D+01  -1.930435879D+01   5.523105244D+00  -1.058612584D+00   1.035937643D-01
  -4.261571199D+01   1.487535683D+02  -1.755532528D+02   1.481930088D+02  -9.670288664D+01   4.956227962D+01  -1.966488685D+01   5.772718371D+00  -1.132958428D+00   1.133319416D-01
  -3.715467975D+01   1.397991913D+02  -1.690990520D+02   1.467431709D+02  -9.857383851D+01   5.202567045D+01  -2.125159622D+01   6.419003253D+00  -1.295398952D+00   1.331757900D-01
   1.039450093D+00   4.367022859D+01  -5.175577481D+01   4.425443798D+01  -2.934361688D+01   1.530385943D+01  -6.182933250D+00   1.848578879D+00  -3.695448183D-01   3.766310643D-02
  -6.223509233D+02   1.599859986D+03  -1.906498333D+03   1.624463865D+03  -1.070361494D+03   5.539736523D+02  -2.219226164D+02   6.575223618D+01  -1.301841727D+01   1.312918434D+00
  -4.132615446D+01   1.362554179D+02  -1.538000766D+02   1.247420050D+02  -7.852732602D+01   3.896249149D+01  -1.501054387D+01   4.289437805D+00  -8.212765441D-01   8.029249561D-02
  -3.202820703D+01   1.214592763D+02  -1.433030830D+02   1.210128288D+02  -7.900336157D+01   4.050833111D+01  -1.607811051D+01   4.720988371D+00  -9.266939105D-01   9.270663872D-02
  -2.779308390D+01   1.148888591D+02  -1.386682764D+02   1.201437562D+02  -8.059202666D+01   4.248016077D+01  -1.733162146D+01   5.229129291D+00  -1.054165236D+00   1.082671538D-01
   1.917139323D+00   4.053477573D+01  -4.793704538D+01   4.092730232D+01  -2.710186098D+01   1.411779295D+01  -5.697464445D+00   1.701699958D+00  -3.398638978D-01   3.460831798D-02
  -6.314927676D+02   1.621391960D+03  -1.929487842D+03   1.641468751D+03  -1.079885868D+03   5.581148510D+02  -2.233127224D+02   6.609984195D+01  -1.307752729D+01   1.318180777D+00
  -4.453821387D+01   1.443195892D+02  -1.632904932D+02   1.326974020D+02  -8.367360799D+01   4.157476447D+01  -1.603654224D+01   4.587509518D+00  -8.791690729D-01   8.602409644D-02
  -3.314923917D+01   1.243583152D+02  -1.467824945D+02   1.239911629D+02  -8.097128377D+01   4.152828510D+01  -1.648681636D+01   4.841987395D+00  -9.506053269D-01   9.511009858D-02
  -2.830550363D+01   1.162660415D+02  -1.403551532D+02   1.216234280D+02  -8.159658874D+01   4.301608818D+01  -1.755297185D+01   5.296762485D+00  -1.067982165D+00   1.097067637D-01
   1.887920139D+00   4.066908036D+01  -4.809961921D+01   4.106762771D+01  -2.719515714D+01   1.416624675D+01  -5.716790530D+00   1.707335284D+00  -3.409418127D-01   3.470992338D-02
  -6.180888317D+02   1.589514491D+03  -1.893675482D+03   1.612655666D+03  -1.061909475D+03   5.492723490D+02  -2.199319131D+02   6.513976804D+01  -1.289460683D+01   1.300366105D+00
  -4.097497080D+01   1.357046980D+02  -1.536566164D+02   1.249524622D+02  -7.883776057D+01   3.919414620D+01  -1.512627846D+01   4.329240955D+00  -8.300494542D-01   8.125185621D-02
  -2.987752726D+01   1.158827192D+02  -1.367861690D+02   1.155859190D+02  -7.551279116D+01   3.874443013D+01  -1.538741202D+01   4.520615140D+00  -8.877645053D-01   8.884320907D-02
  -2.536437621D+01   1.083919004D+02  -1.307381790D+02   1.132192282D+02  -7.591649895D+01   4.000158003D+01  -1.631533895D+01   4.921191417D+00  -9.918625355D-01   1.018498115D-01
   2.151237709D+00   3.966680865D+01  -4.688027089D+01   4.000686446D+01  -2.648185264D+01   1.378980343D+01  -5.563201565D+00   1.661058228D+00  -3.316413479D-01   3.375997607D-02
  -4.864722377D+02   1.260821292D+03  -1.507632524D+03   1.289646506D+03  -8.532538441D+02   4.435094080D+02  -1.784707666D+02   5.312741898D+01  -1.057072918D+01   1.071590025D+00
  -2.513625774D+01   9.621627048D+01  -1.080448851D+02   8.766242423D+01  -5.532862863D+01   2.754434726D+01  -1.064775801D+01   3.052265519D+00  -5.860178509D-01   5.742967269D-02
  -2.068033195D+01   9.208074467D+01  -1.076389812D+02   9.014771495D+01  -5.840108374D+01   2.973118076D+01  -1.172295393D+01   3.421377673D+00  -6.678547067D-01   6.646860152D-02
  -2.656791110D+01   1.114079446D+02  -1.343633645D+02   1.163258163D+02  -7.796976113D+01   4.106493841D+01  -1.674061612D+01   5.046713551D+00  -1.016568739D+00   1.043218310D-01
   1.799318019D+00   4.053030190D+01  -4.793014527D+01   4.091974974D+01  -2.709558182D+01   1.411377261D+01  -5.695508465D+00   1.701007786D+00  -3.397028761D-01   3.458962873D-02
  -9.747052120D+02   2.482342960D+03  -2.956085077D+03   2.515989399D+03  -1.655503255D+03   8.555269479D+02  -3.422010222D+02   1.012383423D+02  -2.001626343D+01   2.016017015D+00
  -7.282764222D+01   2.112244716D+02  -2.387801509D+02   1.940138748D+02  -1.223708963D+02   6.083212756D+01  -2.347926214D+01   6.721364782D+00  -1.289080399D+00   1.262300060D-01
  -5.666099782D+01   1.833956206D+02  -2.162361434D+02   1.823097787D+02  -1.188360917D+02   6.085385374D+01  -2.412983099D+01   7.080283711D+00  -1.389160734D+00   1.389304582D-01
  -5.312269262D+01   1.805727260D+02  -2.188819508D+02   1.902252299D+02  -1.279411267D+02   6.759815207D+01  -2.763887941D+01   8.355243722D+00  -1.687386996D+00   1.735873155D-01
  -1.053134029D+00   4.884257563D+01  -5.805759189D+01   4.974739526D+01  -3.304651064D+01   1.726411148D+01  -6.985826638D+00   2.091694599D+00  -4.187242105D-01   4.273144421D-02
  -7.068015957D+02   1.809521233D+03  -2.153993609D+03   1.832403131D+03  -1.204974705D+03   6.222650936D+02  -2.487038338D+02   7.351500053D+01  -1.452165517D+01   1.461172279D+00
  -4.941149196D+01   1.546393465D+02  -1.746874955D+02   1.419243701D+02  -8.953429928D+01   4.452423044D+01  -1.719183441D+01   4.923423719D+00  -9.445980990D-01   9.252661218D-02
  -3.839160849D+01   1.366001402D+02  -1.609146511D+02   1.356228169D+02  -8.837336751D+01   4.523342412D+01  -1.792544093D+01   5.256141259D+00  -1.030479610D+00   1.029760955D-01
  -3.613789012D+01   1.357570436D+02  -1.641403903D+02   1.423871694D+02  -9.561286491D+01   5.044474139D+01  -2.059851366D+01   6.219584701D+00  -1.254731668D+00   1.289530640D-01
   6.126681284D-01   4.334505472D+01  -5.135972223D+01   4.390946505D+01  -2.911134818D+01   1.518113457D+01  -6.132811469D+00   1.833467540D+00  -3.665083579D-01   3.735352818D-02
  -5.785320200D+02   1.489312118D+03  -1.775076706D+03   1.512264412D+03  -9.960778989D+02   5.152819806D+02  -2.063137892D+02   6.109508177D+01  -1.209019445D+01   1.218732057D+00
  -3.674657344D+01   1.240228711D+02  -1.402349248D+02   1.139311605D+02  -7.183522668D+01   3.569568138D+01  -1.377153359D+01   3.940611452D+00  -7.554189398D-01   7.393792766D-02
  -2.741917949D+01   1.082098162D+02  -1.276597596D+02   1.078461989D+02  -7.044525152D+01   3.614050934D+01  -1.435219646D+01   4.216271096D+00  -8.279742791D-01   8.285985501D-02
  -2.388334090D+01   1.030619292D+02  -1.242240528D+02   1.075215377D+02  -7.206155639D+01   3.795321547D+01  -1.547321328D+01   4.665248746D+00  -9.398989455D-01   9.647543491D-02
   1.821137687D+00   3.898631491D+01  -4.605098195D+01   3.928366186D+01  -2.599395198D+01   1.353123461D+01  -5.457141922D+00   1.628884312D+00  -3.251181916D-01   3.308602562D-02
  -4.788958694D+02   1.238866502D+03  -1.476753224D+03   1.258370531D+03  -8.291040496D+02   4.290779303D+02  -1.718807118D+02   5.092560553D+01  -1.008347334D+01   1.017050180D+00
  -2.844835442D+01   1.036769359D+02  -1.172845901D+02   9.531757468D+01  -6.010757342D+01   2.987014719D+01  -1.152468395D+01   3.297890603D+00  -6.322430852D-01   6.188394076D-02
  -2.022327032D+01   8.939620570D+01  -1.054316092D+02   8.912680979D+01  -5.827449995D+01   2.992923675D+01  -1.189886099D+01   3.499379892D+00  -6.879131403D-01   6.891066693D-02
  -1.790794997D+01   8.686612481D+01  -1.044495644D+02   9.024598384D+01  -6.038897941D+01   3.176001600D+01  -1.293112100D+01   3.893975040D+00  -7.836022851D-01   8.034403936D-02
   2.341387154D+00   3.678430345D+01  -4.336975766D+01   3.694802486D+01  -2.442037427D+01   1.269862716D+01  -5.116248533D+00   1.525684571D+00  -3.042415816D-01   3.093346100D-02
  -3.537596604D+02   9.213636005D+02  -1.094695023D+03   9.298146162D+02  -6.107558027D+02   3.151818773D+02  -1.259289228D+02   3.722330586D+01  -7.354782231D+00   7.404104388D-01
  -2.137147945D+01   8.609407322D+01  -9.730530464D+01   7.902120409D+01  -4.978889171D+01   2.472126625D+01  -9.530680479D+00   2.725459355D+00  -5.222110687D-01   5.109107095D-02
  -1.447559188D+01   7.422135769D+01  -8.742526468D+01   7.389247253D+01  -4.832367090D+01   2.482825034D+01  -9.875632466D+00   2.905877771D+00  -5.715469278D-01   5.728476521D-02
  -1.376473597D+01   7.544987501D+01  -9.051341184D+01   7.807298717D+01  -5.216514618D+01   2.739706766D+01  -1.114039720D+01   3.350687118D+00  -6.735095711D-01   6.898234741D-02
   2.652355372D+00   3.519697393D+01  -4.143817344D+01   3.526677291D+01  -2.328882242D+01   1.210064657D+01  -4.871789258D+00   1.451817853D+00  -2.893349830D-01   2.940179580D-02
  -3.781145793D+02   9.793415342D+02  -1.168432868D+03   9.977962033D+02  -6.590252990D+02   3.420474177D+02  -1.374041150D+02   4.084240150D+01  -8.109090838D+00   8.145740184D-01
  -1.778813817D+02   5.015712542D+02  -6.390001657D+02   6.021977972D+02  -4.500000901D+02   2.684501053D+02  -1.250276038D+02   4.319161883D+01  -9.962160534D+00   1.167163046D+00
  -5.312192729D+01   1.756145110D+02  -2.069994571D+02   1.744630768D+02  -1.136720282D+02   5.817911281D+01  -2.305562185D+01   6.760746183D+00  -1.325571212D+00   1.324791708D-01
  -4.968028396D+01   1.728334462D+02  -2.094340121D+02   1.819749005D+02  -1.223704654D+02   6.464513799D+01  -2.642807261D+01   7.988338036D+00  -1.613139378D+00   1.659370819D-01
  -2.474171094D-01   4.786796591D+01  -5.687014193D+01   4.871235796D+01  -3.234877240D+01   1.689472645D+01  -6.834512346D+00   2.045862185D+00  -4.094463637D-01   4.177376110D-02
  -1.025263800D+03   2.686644400D+03  -3.360256622D+03   3.058193612D+03  -2.189073207D+03   1.253579247D+03  -5.672559756D+02   1.940122309D+02  -4.520320987D+01   5.432701690D+00
  -3.594677967D+01   1.213779470D+02  -1.340023665D+02   1.061590916D+02  -6.513694122D+01   3.142360556D+01  -1.174037303D+01   3.244684637D+00  -5.990445175D-01   5.628206596D-02
  -3.613652100D+01   1.320744004D+02  -1.555519276D+02   1.310910125D+02  -8.541511823D+01   4.371694880D+01  -1.732358391D+01   5.079391412D+00  -9.957720164D-01   9.950199591D-02
  -3.424853349D+01   1.320563714D+02  -1.596184558D+02   1.384335991D+02  -9.293959018D+01   4.902541552D+01  -2.001558460D+01   6.042630723D+00  -1.218855182D+00   1.252483147D-01
   1.239366915D+00   4.288570731D+01  -5.079965869D+01   4.342076051D+01  -2.878142877D+01   1.500615935D+01  -6.060979786D+00   1.811655537D+00  -3.620804929D-01   3.689509249D-02
  -2.371773143D+03   6.183660423D+03  -7.702173639D+03   6.921140348D+03  -4.838689600D+03   2.665542780D+03  -1.136939649D+03   3.578034215D+02  -7.486715759D+01   7.916981896D+00
  -3.454024226D+01   1.197288698D+02  -1.351885198D+02   1.097025222D+02  -6.909592704D+01   3.430061171D+01  -1.322080563D+01   3.779530412D+00  -7.238714184D-01   7.078311955D-02
  -2.619901163D+01   1.063327691D+02  -1.253947378D+02   1.058961117D+02  -6.914889244D+01   3.546428643D+01  -1.407931782D+01   4.134832286D+00  -8.117225338D-01   8.120491542D-02
  -2.317790253D+01   1.024898741D+02  -1.235243507D+02   1.069091902D+02  -7.164718742D+01   3.773312183D+01  -1.538282829D+01   4.637834689D+00  -9.343518639D-01   9.590479270D-02
   2.331234370D+00   3.891596899D+01  -4.596470396D+01   3.920773173D+01  -2.594210685D+01   1.350333484D+01  -5.445476066D+00   1.625259182D+00  -3.243606214D-01   3.300465117D-02
  -4.014303001D+02   1.039060370D+03  -1.228028457D+03   1.035530301D+03  -6.740117652D+02   3.440426327D+02  -1.357280404D+02   3.954568914D+01  -7.688066035D+00   7.600390221D-01
  -2.762183955D+01   1.028654583D+02  -1.163714538D+02   9.458348996D+01  -5.965077111D+01   2.964654954D+01  -1.143985529D+01   3.274066611D+00  -6.277718034D-01   6.145747985D-02
  -1.944577879D+01   8.866092473D+01  -1.045561142D+02   8.838396189D+01  -5.778820502D+01   2.967957970D+01  -1.179976892D+01   3.470317175D+00  -6.822218731D-01   6.834362371D-02
  -1.724422121D+01   8.640816926D+01  -1.038901824D+02   8.975711358D+01  -6.005859914D+01   3.158474363D+01  -1.285922350D+01   3.872194601D+00  -7.792028587D-01   7.989325030D-02
   2.850987744D+00   3.672182074D+01  -4.329351188D+01   3.688140783D+01  -2.437532321D+01   1.267468227D+01  -5.106394067D+00   1.522684879D+00  -3.036317190D-01   3.087053071D-02
  -4.168895725D+02   1.083732824D+03  -1.290921741D+03   1.098936384D+03  -7.232218130D+02   3.738148753D+02  -1.495501485D+02   4.425176787D+01  -8.750696974D+00   8.814943223D-01
  -2.308990313D+01   9.168939634D+01  -1.038570836D+02   8.449990927D+01  -5.333115258D+01   2.652061438D+01  -1.023835017D+01   2.931355331D+00  -5.622474923D-01   5.505644009D-02
  -1.497756404D+01   7.686720732D+01  -9.059079968D+01   7.659530021D+01  -5.010609278D+01   2.575084264D+01  -1.024509873D+01   3.015287920D+00  -5.931987137D-01   5.946807020D-02
  -1.380765649D+01   7.696226852D+01  -9.235977284D+01   7.968595972D+01  -5.325503384D+01   2.797541466D+01  -1.137784347D+01   3.422753854D+00  -6.881213893D-01   7.049168525D-02
   3.118359665D+00   3.540392903D+01  -4.168971531D+01   3.548533883D+01  -2.343558251D+01   1.217796369D+01  -4.903268309D+00   1.461278017D+00  -2.912298316D-01   2.959428421D-02
  -3.643212131D+02   9.516183116D+02  -1.133857489D+03   9.654712168D+02  -6.355425030D+02   3.285784457D+02  -1.314876091D+02   3.891819117D+01  -7.698381903D+00   7.757544179D-01
  -1.830821140D+01   7.974472948D+01  -9.035146865D+01   7.354021909D+01  -4.642259116D+01   2.308601012D+01  -8.912255342D+00   2.551648292D+00  -4.894323755D-01   4.793064456D-02
  -1.074198262D+01   6.560370046D+01  -7.719487575D+01   6.523893687D+01  -4.267608177D+01   2.193724163D+01  -8.731138007D+00   2.570935852D+00  -5.060553182D-01   5.076111816D-02
  -1.111597478D+01   6.942116023D+01  -8.315031535D+01   7.163769043D+01  -4.781481723D+01   2.508756019D+01  -1.019182201D+01   3.062685387D+00  -6.150999242D-01   6.294801546D-02
   3.263980243D+00   3.439526738D+01  -4.046259856D+01   3.441763967D+01  -2.271733227D+01   1.179864990D+01  -4.748342674D+00   1.414524885D+00  -2.818127484D-01   2.862970920D-02
  -3.601117035D+02   9.403509010D+02  -1.119591183D+03   9.527332155D+02  -6.268437167D+02   3.239544123D+02  -1.295992541D+02   3.835135228D+01  -7.585254954D+00   7.643014879D-01
  -1.895222556D+01   8.134049841D+01  -9.208506656D+01   7.489519756D+01  -4.724916198D+01   2.348558013D+01  -9.062897730D+00   2.593926372D+00  -4.974071073D-01   4.870082549D-02
  -1.165992539D+01   6.804682186D+01  -8.010524488D+01   6.770685646D+01  -4.428957130D+01   2.276418564D+01  -9.058759602D+00   2.666850305D+00  -5.248062797D-01   5.262647679D-02
  -1.158703040D+01   7.076293121D+01  -8.479308206D+01   7.307747639D+01  -4.879105268D+01   2.560744004D+01  -1.040602966D+01   3.127934040D+00  -6.283784384D-01   6.432524531D-02
   3.260612972D+00   3.453457216D+01  -4.063212362D+01   3.456511818D+01  -2.281644377D+01   1.185086390D+01  -4.769563959D+00   1.420869477D+00  -2.830682468D-01   2.875366161D-02
