# http://david.elbaz3.free.fr/astro_codes/howto_filters.htm
#wave   response   
20068.0   5.72361017331e-07   
20999.0   1.49063133018e-06   
22064.0   6.36253657439e-06   
22992.0   1.6353252307e-06   
24058.0   1.68658564033e-06   
25071.0   3.60173306325e-07   
26018.0   1.85029822192e-06   
27001.0   3.03257933828e-06   
28022.0   3.12767274364e-06   
29081.0   3.32686248031e-06   
30055.0   4.53044114337e-06   
31063.0   4.67251856853e-06   
32104.0   1.20087778528e-06   
33044.0   6.2789781679e-07   
34011.0   3.22557956336e-06   
35007.0   3.32686248031e-06   
36032.0   4.25894665766e-06   
37086.0   4.39258383975e-06   
38015.0   4.53044114337e-06   
39128.0   2.76420774252e-06   
40107.0   1.90831082602e-06   
40942.0   1.44530722485e-06   
41967.0   9.97805536799e-07   
43018.0   1.02909070448e-06   
44095.0   1.02909070448e-06   
45013.0   1.06136056718e-06   
45951.0   1.09464325906e-06   
46907.0   1.09464325906e-06   
48082.0   1.12896691425e-06   
49083.0   1.16435966689e-06   
50105.0   1.16435966689e-06   
51148.0   1.44530722485e-06   
51998.0   1.44530722485e-06   
53081.0   1.49063133018e-06   
53964.0   1.53739027684e-06   
55087.0   1.58558406482e-06   
56003.0   1.58558406482e-06   
57169.0   1.6353252307e-06   
58119.0   1.6353252307e-06   
58842.0   1.68658564033e-06   
59329.0   1.73947783029e-06   
59820.0   1.90831082602e-06   
60316.0   1.96815214945e-06   
61066.0   2.0298784605e-06   
62081.0   2.0298784605e-06   
63113.0   2.0298784605e-06   
63898.0   2.0298784605e-06   
65229.0   2.15918298447e-06   
66313.0   2.22690186811e-06   
67415.0   2.29673081251e-06   
68536.0   2.29673081251e-06   
69675.0   2.36875422012e-06   
70833.0   2.36875422012e-06   
71715.0   2.44305649336e-06   
72907.0   2.44305649336e-06   
73814.0   2.51966576637e-06   
75351.0   2.51966576637e-06   
76920.0   2.51966576637e-06   
77877.0   2.51966576637e-06   
79171.0   2.63329957236e-05   
80156.0   7.7596781454e-05   
81154.0   3.07281116363e-05   
82163.0   3.12767274364e-06   
82843.0   1.55787193338e-05   
83874.0   6.25140670718e-05   
84918.0   2.55322979968e-05   
85974.0   1.60671280666e-05   
87044.0   9.80334233626e-06   
88127.0   4.97017780779e-06   
88856.0   3.43124015305e-06   
90333.0   3.43124015305e-06   
92214.0   3.53871258159e-06   
94134.0   3.53871258159e-06   
95305.0   3.6498424488e-06   
97290.0   3.6498424488e-06   
98907.0   3.7640670718e-06   
100966.0   3.7640670718e-06   
102645.0   1.93374409183e-05   
104351.0   3.8822304749e-06   
106086.0   4.00405131668e-06   
108294.0   4.12952959712e-06   
109642.0   4.25894665766e-06   
111464.0   2.12142696376e-05   
111925.0   4.18467251857e-05   
112387.0   4.25894665766e-06   
114727.0   4.39258383975e-06   
116634.0   4.39258383975e-06   
118085.0   4.53044114337e-06   
120048.0   4.53044114337e-06   
121542.0   0.00013952003151   
122044.0   0.000184213932028   
123054.0   6.85826018456e-05   
124585.0   4.73469502588e-05   
127179.0   4.73469502588e-05   
128761.0   4.88324330407e-05   
130363.0   0.000148407607472   
131442.0   9.93416610398e-05   
133078.0   2.55322979968e-05   
135290.0   2.55322979968e-05   
138107.0   2.63329957236e-05   
139250.0   0.000105669029935   
139825.0   5.28668692325e-06   
141565.0   5.35702228224e-05   
142149.0   8.00303848751e-05   
144512.0   5.52498311951e-05   
147521.0   2.80103533648e-05   
148130.0   3.93399729912e-05   
149357.0   2.80103533648e-05   
150593.0   8.51282916948e-05   
151215.0   5.69828944407e-05   
151839.0   2.88881386451e-05   
153096.0   0.000102456110736   
153728.0   7.29490209318e-05   
155641.0   5.79985370245e-06   
156929.0   5.87694125591e-05   
158882.0   6.16925500788e-06   
160858.0   6.06121989647e-05   
162190.0   1.87494373171e-05   
163532.0   6.06121989647e-05   
164208.0   9.33912896691e-05   
165567.0   0.000153060994823   
168319.0   0.000157860679721   
170413.0   0.00014389489084   
171117.0   7.19924600495e-06   
175402.0   7.4248818366e-06   
176853.0   7.52391402206e-05   
178317.0   0.000184213932028   
179054.0   0.000228663065496   
179793.0   0.000153060994823   
181281.0   0.000115923925276   
182030.0   7.65783254558e-06   
184295.0   0.000157860679721   
186588.0   0.000235834458699   
188132.0   8.25399504839e-05   
189689.0   0.000157860679721   
190473.0   0.000105669029935   
192049.0   0.000494823317578   
193639.0   0.000363352464551   
194439.0   0.000451046590142   
195242.0   0.00100663965789   
196048.0   0.00186670042764   
196858.0   0.00278871258159   
198487.0   0.00443140895791   
199307.0   0.00749071573261   
200130.0   0.0102005964438   
200957.0   0.013890670718   
202620.0   0.0189157101058   
204297.0   0.0524026558632   
205141.0   0.0913543776727   
206839.0   0.149721471978   
207693.0   0.237922012154   
208551.0   0.378094755796   
209412.0   0.600804636507   
210277.0   0.679777177583   
212018.0   0.723103758722   
213773.0   0.769159351789   
216432.0   0.818140895791   
219125.0   0.83088566284   
220030.0   0.83088566284   
220939.0   0.818140895791   
221851.0   0.805621201891   
222768.0   0.793270312852   
223688.0   0.793270312852   
224612.0   0.769159351789   
225539.0   0.757371145622   
226471.0   0.757371145622   
227406.0   0.757371145622   
228345.0   0.757371145622   
229288.0   0.769159351789   
230235.0   0.781116362818   
231186.0   0.781116362818   
232141.0   0.769159351789   
233100.0   0.74577987846   
234062.0   0.74577987846   
235029.0   0.723103758722   
236000.0   0.723103758722   
236975.0   0.73435741616   
237953.0   0.74577987846   
238936.0   0.781116362818   
239923.0   0.805621201891   
240914.0   0.83088566284   
241909.0   0.870273463876   
242908.0   0.897563583165   
243911.0   0.940102408283   
244918.0   0.954732162953   
245930.0   0.98466689174   
246946.0   0.98466689174   
247966.0   0.98466689174   
248990.0   0.98466689174   
250018.0   1.0   
251051.0   0.98466689174   
252088.0   0.969586990772   
253129.0   0.925697726761   
254174.0   0.883805986946   
255224.0   0.843799234751   
256278.0   0.805621201891   
257336.0   0.757371145622   
258399.0   0.712018906144   
259466.0   0.669367544452   
260538.0   0.619654512717   
261614.0   0.556183884763   
262695.0   0.522197839298   
263780.0   0.476620526671   
264869.0   0.427216970515   
265963.0   0.396016205267   
267061.0   0.372299122215   
268164.0   0.344643259059   
269272.0   0.319041188386   
270384.0   0.299938104884   
271501.0   0.281960387126   
272622.0   0.273390726986   
273748.0   0.269201553005   
274879.0   0.261636281792   
276014.0   0.253950033761   
277154.0   0.249200990322   
278298.0   0.249200990322   
279448.0   0.245383187036   
280602.0   0.241624465451   
281761.0   0.234278640558   
282925.0   0.2271550754   
284093.0   0.216874859329   
285266.0   0.207058856628   
286445.0   0.188737902318   
287628.0   0.180196376322   
288816.0   0.169404118839   
290008.0   0.161737564709   
291206.0   0.152050979068   
292409.0   0.1429467702   
293617.0   0.130300472654   
294829.0   0.118771100608   
296047.0   0.113394665766   
297270.0   0.106605896916   
298497.0   0.10021944632   
299730.0   0.0956842223723   
300968.0   0.0913543776727   
302211.0   0.0899532973216   
303459.0   0.0858822867432   
304712.0   0.0845684222372   
