5.851164481162759e-12
5.851164481162758e-12
5.851164481162759e-12
5.851164481162759e-12
5.851164481162759e-12
5.851164481162756e-12
5.840267311129153e-12
5.8475208175762e-12
5.847520817576198e-12
5.84026731112916e-12
5.834795968829929e-12
5.842042668817044e-12
5.825760378801474e-12
5.810716856397395e-12
5.83961066185757e-12
5.826936762003312e-12
5.815960363264967e-12
5.836772625349324e-12
5.798061096682366e-12
5.788227515534451e-12
5.835966075173947e-12
5.811547453187713e-12
5.806410274712293e-12
5.835031481311503e-12
5.781679723711463e-12
5.796152916918223e-12
5.835072509297682e-12
5.789727374092183e-12
5.786490657171549e-12
5.760650683405416e-12
5.808787727971389e-12
5.73736309839843e-12
5.726338391241839e-12
5.823950109481674e-12
5.73256211378839e-12
5.692927605363372e-12
5.753566450187611e-12
5.776059371079745e-12
5.82353042986709e-12
5.67385906937989e-12
5.692423237378805e-12
5.812839695302078e-12
5.692784583643176e-12
5.652749219216807e-12
5.720912095797906e-12
5.641201310933715e-12
5.75563020322831e-12
5.634230717836376e-12
5.812970030495471e-12
5.641004336828944e-12
5.67633530369141e-12
5.591576748750706e-12
5.670927198285311e-12
5.817363153074704e-12
5.700265740949047e-12
5.665259970171817e-12
5.721579297649841e-12
5.649357441540849e-12
5.760488082453575e-12
5.646776799265628e-12
5.815165323207668e-12
5.650383475059067e-12
5.691167426871922e-12
5.60770851274371e-12
5.576740647504382e-12
5.817531510224509e-12
5.754015180923031e-12
5.703345551242375e-12
5.66348933977219e-12
5.6119200795952e-12
5.584091756054683e-12
5.59765956419201e-12
5.79741560447538e-12
5.626131206336253e-12
5.615766768482754e-12
5.556810278481525e-12
5.711238969596502e-12
5.528993314853313e-12
5.582395052239266e-12
5.798578678052345e-12
5.57404762052127e-12
5.535622384458316e-12
5.66501219698518e-12
5.55362256392272e-12
5.804220400746179e-12
5.544998052939203e-12
5.505955855321022e-12
5.617122386301518e-12
5.72665331597028e-12
5.811062083501508e-12
5.530494102359813e-12
5.592945658283751e-12
5.791538509920002e-12
5.572774955269605e-12
5.543241237615597e-12
5.601863309806601e-12
5.500451983603294e-12
5.622579770488775e-12
5.521939399892698e-12
5.710626785656504e-12
5.61702588796849e-12
5.757609583063509e-12
5.690329305604023e-12
5.792189833287698e-12
5.544321891800797e-12
5.806518284984906e-12
5.517535863999609e-12
5.487750960399568e-12
5.437717002668971e-12
5.338888600527331e-12
5.507822815373403e-12
5.607176520240467e-12
5.506318061168056e-12
5.400406534131819e-12
5.595926963949622e-12
5.456022621666274e-12
5.786386231482263e-12
5.38289096774886e-12
5.370346226909855e-12
5.319873778517107e-12
5.614586370399268e-12
5.434309469364443e-12
5.418868689214108e-12
5.456141389383993e-12
5.502328977756835e-12
5.770112485004292e-12
5.445577168969852e-12
5.515293190358304e-12
5.454035384916301e-12
5.667972411202641e-12
5.426077714195921e-12
5.471917658893497e-12
5.780452542865583e-12
5.419566443642959e-12
5.389325460479307e-12
5.561771754675055e-12
5.38748016394932e-12
5.292817576818258e-12
5.456024011393695e-12
5.477570049868151e-12
5.366765785267108e-12
5.769653524916066e-12
5.409544875790516e-12
5.530425972538209e-12
5.334345370463737e-12
5.404059287273101e-12
5.344768815117404e-12
5.376963169902593e-12
5.762674304210461e-12
5.314800834872962e-12
5.281953261287584e-12
5.49030892950497e-12
5.346983808359135e-12
5.790550313140242e-12
5.539540402010838e-12
5.230198020645023e-12
5.329878922913662e-12
5.394197186360677e-12
5.180972649162126e-12
5.280115836450871e-12
5.299081062417785e-12
5.483493643952983e-12
5.614535463717614e-12
5.49159366831131e-12
5.744420098887679e-12
5.659944884976014e-12
5.799848765956549e-12
5.258563540585209e-12
5.751247774181198e-12
5.314842167050269e-12
5.457344138661105e-12
5.225925411503604e-12
5.306910729852349e-12
5.780245510434112e-12
5.313629615977367e-12
5.318455201369229e-12
5.54057320148467e-12
5.255859380581344e-12
5.358263696025412e-12
5.314074106121985e-12
5.222242807336407e-12
5.339855123657445e-12
5.368111656277286e-12
5.234081014930127e-12
5.348353392736662e-12
5.216559805178931e-12
5.54091894936884e-12
5.301926022035138e-12
5.760202849600263e-12
5.366526447604714e-12
5.520371307908771e-12
5.289028226215017e-12
5.333626062034425e-12
5.13678034804189e-12
5.010825969459913e-12
5.072470623585182e-12
5.31483727722344e-12
5.341513369808351e-12
5.172770087750502e-12
5.259686746036937e-12
5.088272279711693e-12
5.759001126856903e-12
5.443362169542146e-12
5.377616520165345e-12
5.585826773449298e-12
5.441806707625563e-12
5.748363660456684e-12
5.650572798351488e-12
5.737793256677945e-12
5.667791719838093e-12
5.685266469819006e-12
5.629092764896235e-12
5.715040372767495e-12
5.627592139641458e-12
5.600085110602078e-12
5.50991211978358e-12
5.527435663026242e-12
5.389398352724244e-12
5.766625332549647e-12
5.289803058703012e-12
5.266581677012848e-12
5.46802114611124e-12
5.244095174808277e-12
5.223573443939732e-12
5.092444225430681e-12
4.883449280248851e-12
4.786113418141692e-12
5.041911319541473e-12
5.222526182295105e-12
5.395249551209591e-12
5.238089522754336e-12
5.745281290197255e-12
5.276529866432226e-12
5.462245780702055e-12
5.211603493915438e-12
5.247437928633842e-12
5.001361408134551e-12
4.890750520890244e-12
4.681972223729685e-12
5.308266572593762e-12
5.242968495829031e-12
4.877187287493408e-12
5.721891959047047e-12
4.993778098216947e-12
5.008690723295959e-12
5.357816253894472e-12
5.065196375561254e-12
5.217145567592329e-12
5.047131996752246e-12
5.265315813534914e-12
5.11195186874767e-12
5.511953027207858e-12
5.385362842325214e-12
5.565873018929316e-12
5.463379855716804e-12
5.545609807678254e-12
5.449310788637047e-12
5.526887012232454e-12
5.415714284928991e-12
5.404010431696797e-12
5.004767874392855e-12
5.711619688425549e-12
5.137370510112908e-12
5.300840345700293e-12
4.996414415335195e-12
5.123917931098998e-12
4.940992224102375e-12
4.802478012202928e-12
4.945228424401478e-12
4.792869167317173e-12
5.224082430400905e-12
5.077319715052486e-12
5.329279236828338e-12
5.195632604914946e-12
5.326536005551952e-12
5.197179741054677e-12
5.287318393126022e-12
5.292610908004303e-12
5.747695460898317e-12
5.203652572314434e-12
5.172754570936203e-12
5.404252322266174e-12
5.151198525781603e-12
5.128127637459988e-12
4.994408728632259e-12
4.771275452188202e-12
4.746888942440722e-12
4.96634397380911e-12
4.90391184973091e-12
5.034965381435235e-12
5.129891827713926e-12
5.715317160432049e-12
4.996800941823996e-12
4.979711309854416e-12
5.268940890680047e-12
4.959801489406981e-12
4.987862848502309e-12
4.834828365599243e-12
4.658938346656274e-12
4.493687243830862e-12
4.615520108660069e-12
4.453050549651846e-12
4.895074959681887e-12
4.729908052902616e-12
5.030351328825503e-12
4.868985980365599e-12
5.040113899012799e-12
4.957671038251114e-12
5.696585261413115e-12
5.038155926038265e-12
5.25970948280882e-12
4.935570755053185e-12
5.032420864450224e-12
4.748256705544878e-12
4.616384797683195e-12
4.351524731558103e-12
4.181799570649945e-12
4.269950058512752e-12
4.100002208488576e-12
4.530207072135414e-12
4.349696132075271e-12
4.675866817639117e-12
5.144442681373515e-12
5.728987718168933e-12
5.197169153023596e-12
5.388512945997422e-12
5.114279954758988e-12
5.176316178682021e-12
4.907570003185308e-12
4.824727053382802e-12
4.689895572142469e-12
4.619250342591303e-12
4.825342072156161e-12
4.793638974671266e-12
5.161255255236923e-12
5.051388506877282e-12
4.957744867499777e-12
5.053059673884712e-12
5.698605275083277e-12
4.930017135463363e-12
4.903186841273295e-12
5.208904223443827e-12
4.87639417403516e-12
4.890244988001376e-12
4.733780135907515e-12
4.478908397238013e-12
4.307793671565357e-12
4.023407400438093e-12
3.839115379742613e-12
3.906579814861629e-12
3.727149012178073e-12
4.133858395458345e-12
4.879057933362788e-12
5.680581390761703e-12
4.968976561189114e-12
5.19278425943619e-12
4.852128270689165e-12
4.971095163341964e-12
4.652583899069477e-12
4.520224542226941e-12
4.169472941731609e-12
3.988315199426891e-12
3.675620207228346e-12
3.759750235191715e-12
4.665038620155514e-12
5.723722520319462e-12
4.287739927753012e-12
4.65955704300283e-12
4.75225877778564e-12
5.08022505922076e-12
4.402258922817768e-12
4.672963280075287e-12
4.685646390712713e-12
4.263570565862033e-12
4.877564376185919e-12
5.056117718576755e-12
4.119130649635463e-12
5.153259192143678e-12
3.930962970044908e-12
3.756705483326498e-12
4.070422397747729e-12
3.687230016700042e-12
4.433628089302206e-12
4.06654300504671e-12
4.837391817995374e-12
4.537353750937212e-12
5.112262219874896e-12
4.871764342608022e-12
5.270295304158565e-12
5.085942930461149e-12
5.556908403653672e-12
5.364299153182035e-12
5.40427600376228e-12
3.953566931223723e-12
5.040876494106933e-12
3.919126828834515e-12
3.923376280764123e-12
5.272400220245362e-12
3.981349124115874e-12
4.810676307169345e-12
3.925193626523051e-12
4.584918101624093e-12
4.34496802492183e-12
4.15465230900674e-12
4.346580246631078e-12
4.262035135969286e-12
3.852828550498169e-12
4.112497913617764e-12
5.453586597181719e-12
4.580063921379523e-12
4.135813121425816e-12
6.429960353022226e-12
4.353757111276948e-12
4.66984987767931e-12
4.12352471161924e-12
4.030518370430326e-12
4.324263643271857e-12
4.115690747255179e-12
4.602851035050561e-12
4.373845572073987e-12
4.842966089691534e-12
4.6260094057973e-12
5.123799638435433e-12
4.604388351587686e-12
5.091742305368718e-12
5.345103058149608e-12
4.836234564177196e-12
4.628229191428514e-12
4.537669974431022e-12
3.948441602063661e-12
3.800338550960996e-12
3.929078236161665e-12
3.733808627367159e-12
4.125219285149027e-12
3.902130448901899e-12
4.360108995074192e-12
4.398795377679883e-12
5.317869903563655e-12
4.775728253748718e-12
4.707169471026699e-12
4.467248666275822e-12
4.324120999609859e-12
3.679741029969658e-12
3.742400388039917e-12
6.437595464546266e-12
4.735214751485077e-12
4.024075119847248e-12
5.282379916607474e-12
5.868526064476748e-12
4.637232995495591e-12
4.179925871278847e-12
4.342676766246387e-12
4.068421465986555e-12
4.292216965793335e-12
5.416073296090647e-12
4.409658102523103e-12
4.051750961126424e-12
3.712537583224349e-12
4.280757816407543e-12
4.287189078978264e-12
4.365767204392572e-12
4.570107819096724e-12
6.476335833310294e-12
5.452785440002549e-12
5.217734795460284e-12
4.129189644749751e-12
4.768808724085952e-12
7.175245429586435e-12
4.395688095095199e-12
4.317957754325427e-12
5.060360357736776e-12
5.808344704378375e-12
4.560052420941078e-12
5.220986972490842e-12
4.032819727083539e-12
4.948258149640405e-12
4.457503871243634e-12
4.671435430803838e-12
4.731006975517553e-12
3.704222604043949e-12
4.185794932438475e-12
4.168085241806958e-12
4.914983776662363e-12
6.654457606918093e-12
3.941097209695237e-12
5.398067429408519e-12
6.039602491583193e-12
5.206999808241547e-12
3.927023996567691e-12
4.449330829561569e-12
5.524993244810498e-12
5.853937558025924e-12
5.569939672754766e-12
4.862622307315151e-12
4.121964526549705e-12
4.235199580070212e-12
4.211420860511294e-12
4.948546750780283e-12
4.199893937055587e-12
5.510739569852932e-12
3.680502929242529e-12
4.90047462911611e-12
3.829137898624775e-12
3.850266375281843e-12
5.729016174372619e-12
4.536372240923402e-12
5.012738135884892e-12
3.932878790824578e-12
4.053352549575528e-12
4.179086047187367e-12
5.234905606046346e-12
3.810121422193678e-12
6.604067114145833e-12
4.118672581280876e-12
4.271310630666386e-12
5.415043345548224e-12
4.257684258776301e-12
4.325074898509297e-12
4.082698531513718e-12
3.858397364695718e-12
3.864841397984649e-12
5.217274730354922e-12
4.232003575765368e-12
4.401673681193699e-12
5.437750289423559e-12
5.005723159454686e-12
4.85848671495248e-12
5.049383363569513e-12
5.424297566341844e-12
5.638768916148533e-12
4.227268052711713e-12
4.491342974854236e-12
6.73967165300349e-12
4.704172095742134e-12
4.737327975699225e-12
4.433148740546262e-12
4.078127713431681e-12
5.189609328289036e-12
4.776545910446177e-12
4.941281701632414e-12
5.930415744847107e-12
6.325026584396788e-12
4.767999245987598e-12
5.066612040531829e-12
4.637477232052688e-12
4.386961307974332e-12
5.035052514098716e-12
4.699952817683746e-12
5.22788412771014e-12
5.001149853142728e-12
5.458344179976301e-12
5.315690251276038e-12
5.664090044388069e-12
5.527871680450895e-12
5.612819196281075e-12
5.519347229280951e-12
5.536273659124633e-12
5.467202500570249e-12
5.5463956847777e-12
5.488510673388338e-12
5.648357922618992e-12
5.541279777978512e-12
5.530701006296937e-12
5.345323554129352e-12
5.473417039656399e-12
5.969622079610362e-12
5.480793583915989e-12
4.622040092104395e-12
4.72492014382484e-12
5.646014587745748e-12
5.385856423196007e-12
4.977973633739927e-12
5.769100522230126e-12
4.790275702941928e-12
5.122030814592491e-12
4.332265210275559e-12
4.481680629321458e-12
4.34290519918783e-12
5.536165566392904e-12
4.743875360896246e-12
5.275838506286502e-12
6.585419163716549e-12
5.622267354245411e-12
5.071804174949428e-12
4.543016616935951e-12
3.90855652624752e-12
3.719525615986444e-12
3.890418038113495e-12
6.443011283993937e-12
4.71109210928524e-12
4.336001391056771e-12
5.26785030943574e-12
3.917493045743694e-12
5.657366668841975e-12
4.429096777528895e-12
5.071679559686923e-12
4.076083458621325e-12
5.641368874088071e-12
4.403652855880814e-12
5.315571207247802e-12
5.462158715660774e-12
5.248512068038173e-12
5.277178700929883e-12
4.462567485023002e-12
5.702654377808505e-12
4.63560069166614e-12
4.451439357245919e-12
5.161910018122119e-12
4.762141906392437e-12
5.495644463672935e-12
4.021189630442255e-12
5.02606386614633e-12
4.252814836287093e-12
3.962410182976474e-12
4.294293995036143e-12
3.714779673026637e-12
4.792846835800388e-12
3.933815503896295e-12
4.929351078927681e-12
4.566001530858897e-12
4.940120550156578e-12
4.908129984072542e-12
4.654818265245389e-12
4.916707336644187e-12
4.592517846256142e-12
4.595302886036308e-12
4.795238786550175e-12
4.403036387783267e-12
5.23249916574424e-12
4.517575849434822e-12
4.958476725695905e-12
4.896048997388322e-12
4.505572848825627e-12
5.400812547898587e-12
4.676317015645227e-12
4.185371539169582e-12
4.19239329143012e-12
5.190574564869656e-12
4.324813619772097e-12
5.088255581598041e-12
5.086591058034238e-12
3.945435549787357e-12
5.110335909446595e-12
3.885997435437058e-12
4.649452714288533e-12
6.144761370318701e-12
4.698008666633498e-12
5.087669478263212e-12
4.926639537935068e-12
4.763324552514623e-12
4.895108532403279e-12
4.919583452967785e-12
4.541204525060939e-12
4.847576932458655e-12
4.248414365438928e-12
4.417945632835329e-12
4.245834197204885e-12
4.038277710604654e-12
4.511264657613759e-12
3.966532677994406e-12
5.300421351867611e-12
5.122161005778579e-12
4.3716520288458e-12
4.49470551294213e-12
5.54571012740144e-12
5.339963007875842e-12
4.43633149079744e-12
4.202369277859584e-12
4.362527239093397e-12
3.824090991248343e-12
5.164972833949189e-12
4.961549910520673e-12
4.82162144703187e-12
5.240250315956665e-12
4.921886654468605e-12
4.845853723036516e-12
4.805926732578353e-12
4.896469230449326e-12
4.322794217240505e-12
4.721238829944142e-12
3.865890575835588e-12
4.155675345713251e-12
3.909510137544144e-12
5.020665120199819e-12
5.388183520073569e-12
4.490558394223629e-12
4.963146300062498e-12
5.287105572000753e-12
5.058158439618411e-12
4.865233504723336e-12
5.321683887449879e-12
4.873303718618398e-12
4.857868607691828e-12
4.649828432851781e-12
4.818501189127158e-12
4.03185900102125e-12
4.525144623343869e-12
6.690299126802016e-12
4.896752528945479e-12
6.183736345777596e-12
5.038592794357375e-12
4.617355128362118e-12
4.129915437445474e-12
3.901383056084284e-12
4.508350076664615e-12
6.050318408636497e-12
4.461404744119551e-12
5.013727996243186e-12
4.674483019922786e-12
4.724000565363951e-12
3.8784596328119e-12
5.25628621122e-12
4.568466427841371e-12
4.819132213368065e-12
5.187032922426728e-12
4.75720559595e-12
4.763264123339533e-12
4.4205257768537e-12
4.662563945667093e-12
5.606743328733946e-12
4.706889914671164e-12
3.957232109144815e-12
5.031937596102981e-12
4.107959440020903e-12
3.949028266282955e-12
4.663110840958199e-12
4.875133632002779e-12
4.324207203172969e-12
4.698308950871786e-12
4.426365254259783e-12
5.053672518291813e-12
5.0631521512942e-12
3.818938119776956e-12
4.520655264606814e-12
4.041795001414881e-12
4.440404381100096e-12
5.566981645380825e-12
4.848452863590475e-12
4.614557310555048e-12
4.346964806870498e-12
4.949595923457421e-12
4.470376421634083e-12
4.054758754921041e-12
5.167780465458342e-12
5.330729830048974e-12
5.817247694616969e-12
4.223271310950391e-12
5.205227236641146e-12
3.924371017774837e-12
3.869923056462356e-12
4.746196367223546e-12
5.280599066882851e-12
5.544996658825551e-12
5.324460538884433e-12
5.724000871755792e-12
4.761533262857615e-12
5.41331672333504e-12
4.589206892088198e-12
4.715830731085485e-12
4.868606469338615e-12
4.634746557568317e-12
5.986848322359909e-12
5.201061994065006e-12
6.144316238352079e-12
6.453467440152511e-12
5.537564602060829e-12
6.482446039584307e-12
4.716591944962347e-12
5.627828344699628e-12
4.653630051706591e-12
4.721849567386302e-12
6.183300879912203e-12
7.38745057286841e-12
5.40148315851991e-12
4.926465159606161e-12
5.383540468032422e-12
6.568617583465335e-12
5.021859982493228e-12
5.677808320210985e-12
6.636155849045986e-12
4.729105920976477e-12
5.715738078301103e-12
5.071328112343107e-12
5.260207945465959e-12
4.17623193060954e-12
6.689375218379334e-12
5.094441894538213e-12
5.731880614603653e-12
6.721669847378324e-12
3.966930943849131e-12
4.985345578882225e-12
4.162973240207e-12
3.898401753232311e-12
6.24901291634424e-12
5.508063689325062e-12
5.146204610978917e-12
4.954159100361462e-12
6.367482546472591e-12
4.312379341873389e-12
4.992355985038687e-12
8.190636093624551e-12
5.057152651607248e-12
5.257203349111926e-12
5.125570144433045e-12
4.413214751591008e-12
5.185259367586121e-12
4.133435711063052e-12
4.528510652790554e-12
4.311113861035035e-12
5.516069531946714e-12
5.265294708026208e-12
4.099501705814825e-12
4.52657590537631e-12
7.511421787297965e-12
5.123959925424656e-12
5.192888012795519e-12
7.108182704058114e-12
6.371494826577981e-12
4.784709479347734e-12
5.368455148895506e-12
7.026295455252797e-12
4.76900277181454e-12
5.284032488148763e-12
6.515926843603886e-12
4.492075383695977e-12
4.193944984420424e-12
5.298594844372124e-12
6.011604856313106e-12
4.48806837944458e-12
4.070657703945884e-12
4.667509950505243e-12
4.011619207191365e-12
5.0875459522177e-12
4.346452263779202e-12
5.190619141510125e-12
4.892702410383474e-12
5.210625700239323e-12
5.118686516778449e-12
5.123580733461879e-12
5.142443306522103e-12
5.140576575217884e-12
5.035428541889579e-12
5.404157030414469e-12
4.975518209806776e-12
5.104443311915619e-12
5.14789878174997e-12
5.807413618183891e-12
5.875930682116233e-12
6.191910023242501e-12
5.034477955470217e-12
5.157851872364731e-12
4.710101052377565e-12
4.739756903909458e-12
4.742746812201552e-12
4.743960266295736e-12
5.738478527765342e-12
4.600722266923525e-12
5.358994539582085e-12
4.534399468954257e-12
4.60142421525025e-12
6.554022660728236e-12
5.396176930506968e-12
5.271001908436138e-12
5.312749555021551e-12
4.932103431552476e-12
4.215339816240102e-12
4.449789034742315e-12
6.236047737834587e-12
4.846833605517326e-12
5.0345575859799e-12
6.758317116278466e-12
4.619759314848141e-12
5.3617739064962e-12
4.263288546648069e-12
4.642105292783926e-12
4.150945727104341e-12
5.107217260040049e-12
4.999314612323155e-12
6.158605500119825e-12
5.791069363439893e-12
4.547472440749618e-12
5.50316550846107e-12
5.397765132080538e-12
6.168842782393979e-12
4.546700536129927e-12
5.480241701618014e-12
4.213074611860159e-12
4.652706172072047e-12
4.875337591197173e-12
4.702497503723904e-12
4.878048343272384e-12
4.312571923545375e-12
3.625355650670453e-12
3.738516004766235e-12
4.728937865846821e-12
4.023843330700147e-12
5.12989241370691e-12
3.694831939101384e-12
4.535371072923064e-12
7.176956205814322e-12
6.073395087975133e-12
4.972038569722554e-12
3.957793525701993e-12
5.133154801063606e-12
3.955590650927731e-12
4.468460066304306e-12
5.974665406294095e-12
5.961970688716926e-12
6.160215802210507e-12
5.06274706264579e-12
4.752156164526836e-12
6.294880734383803e-12
7.074455566637355e-12
5.706990890321505e-12
5.956526097899835e-12
5.89576049738414e-12
5.628632403358157e-12
5.566157019045943e-12
6.621603569374309e-12
6.393929391009048e-12
4.830250415140193e-12
4.941763066956226e-12
5.424560123935124e-12
4.913679400821478e-12
4.180838988786179e-12
5.669126785993287e-12
4.159772878639456e-12
5.183350678957688e-12
4.130957033085901e-12
7.467837538584093e-12
4.588319155127046e-12
3.88647955724535e-12
4.967325077051126e-12
4.175571719003227e-12
3.810589515021185e-12
5.447690971781879e-12
5.318194469417145e-12
6.081532428239482e-12
6.407789564438368e-12
4.519977757628948e-12
5.148353548868429e-12
7.562893662419612e-12
5.6540526190808e-12
6.250250204298032e-12
5.727852028925492e-12
4.252505248000661e-12
5.302057712861339e-12
4.000685369320868e-12
4.038075327290513e-12
5.223364893928279e-12
5.216429501214913e-12
6.575963149387918e-12
6.058521618313356e-12
6.444886896816008e-12
5.996830016347589e-12
6.526585982248622e-12
4.981013699620425e-12
5.278396062764483e-12
5.564263527263986e-12
6.242232199210785e-12
5.125059542419874e-12
4.460158155367541e-12
6.282560604814827e-12
4.32057170927343e-12
4.481117366095821e-12
5.388693589953725e-12
5.38033941419607e-12
6.252327334705928e-12
4.991638906742245e-12
5.10269995157384e-12
4.731694458946669e-12
5.072189369656736e-12
4.846086997428263e-12
4.67924685861771e-12
5.513419790603955e-12
4.603250158355403e-12
6.557435276483513e-12
5.569196136890602e-12
4.811138903848381e-12
6.202836738427458e-12
3.81496778383132e-12
4.33974672833034e-12
3.860568371154307e-12
5.036826071786948e-12
6.293405869654788e-12
5.009849761154495e-12
5.535650406685509e-12
5.092241094058997e-12
5.055582006509256e-12
5.073854555023694e-12
5.040890128772311e-12
4.942132499330552e-12
4.986686354972265e-12
4.81669798906596e-12
4.811640758897922e-12
4.884177611750445e-12
4.618000235764882e-12
5.558220625050466e-12
5.152189924156075e-12
3.936630375803784e-12
5.033621566419525e-12
5.691526179870055e-12
5.302339394376212e-12
5.121514254253112e-12
5.836713934011032e-12
5.013654964578954e-12
5.140084729651951e-12
4.906216033195168e-12
4.954755957750365e-12
4.688786974742414e-12
4.796494161711017e-12
4.433140182154658e-12
4.523188911608935e-12
5.816592983452215e-12
5.150023641663771e-12
5.342494466930362e-12
4.907993764305932e-12
4.807985971382657e-12
4.823665412521158e-12
4.494153254766467e-12
4.339073729591127e-12
4.686924869599193e-12
4.621810966569132e-12
5.177485802093796e-12
4.659191845425496e-12
4.563642202567318e-12
5.122127611740187e-12
5.497000875758324e-12
4.937116531077511e-12
4.91999473488826e-12
5.847435214731158e-12
4.802412061401915e-12
5.142140288157581e-12
5.848052583711291e-12
4.903541113548664e-12
5.111716736924051e-12
4.695771250162479e-12
4.81936596443475e-12
4.375671720183807e-12
4.558109847242716e-12
4.147438252967883e-12
5.206267701281327e-12
5.054466406928518e-12
4.859389075421519e-12
5.28057128103391e-12
5.089083275357593e-12
4.56240790369555e-12
4.18178102246433e-12
6.31196998161063e-12
4.622686746707388e-12
4.514935314253084e-12
3.832433085064313e-12
4.421188038740372e-12
5.098008087269868e-12
5.216234643015141e-12
4.549019021467451e-12
4.243224203072834e-12
5.094342487836492e-12
4.35582359499662e-12
4.251262371703319e-12
4.462541975722635e-12
4.370158132364781e-12
5.275062059864308e-12
4.422543591366736e-12
4.628028890567228e-12
4.803642835906542e-12
7.083923095220932e-12
5.921836427773366e-12
4.989845380471839e-12
4.318295479024842e-12
4.510156686203712e-12
5.374613091918607e-12
4.886715160037929e-12
5.679592781471709e-12
4.867841734323396e-12
4.816150758409093e-12
4.732869745838715e-12
4.227855504419347e-12
4.12182355430143e-12
4.510920815205915e-12
4.301363912727272e-12
4.320549070729271e-12
4.360695601776258e-12
6.533558000881173e-12
4.445177885376933e-12
4.813069982117797e-12
5.319511816116991e-12
5.430485236377113e-12
5.565050266953764e-12
4.108068566705545e-12
5.146201204745336e-12
6.483332410656888e-12
4.914801339559093e-12
4.731387371019207e-12
4.847660238138723e-12
4.299269720390264e-12
3.643031002669296e-12
4.440448198138442e-12
4.210963827108183e-12
4.570996188957381e-12
4.386600408810696e-12
3.98371760387263e-12
3.805194298954448e-12
4.077609215193061e-12
5.282312001942833e-12
5.757608872635517e-12
4.882162173091469e-12
4.098221694179685e-12
3.72575897979818e-12
5.218650391069905e-12
3.613860826523752e-12
4.876531965100714e-12
4.248505869577011e-12
3.799524189405211e-12
3.630799651512396e-12
4.88485912420935e-12
3.835655927129681e-12
3.486976244283828e-12
4.137368888321787e-12
4.907712937002222e-12
4.938325710120662e-12
3.685461816401e-12
3.755477965621545e-12
3.515549491648811e-12
4.820003151245411e-12
4.767601431004101e-12
4.653380208077677e-12
4.264314221671248e-12
5.086373590523333e-12
3.913717234080661e-12
4.098438631288263e-12
6.168109009802026e-12
4.267644131937265e-12
4.82642935703915e-12
4.848511209610688e-12
4.829434842761504e-12
4.261246223485177e-12
4.665061000915857e-12
4.607881786579277e-12
4.408312856557759e-12
4.503516121088926e-12
4.31080054290105e-12
5.257934042852882e-12
4.161547408537165e-12
3.990823360211434e-12
4.21381690938409e-12
4.242600097005524e-12
4.462798418918015e-12
4.252002526997929e-12
4.337811678131013e-12
4.304460950041242e-12
5.671373059601538e-12
5.246454438093014e-12
5.705918173426117e-12
4.710474662063637e-12
3.937168796421077e-12
3.982411753612141e-12
4.928218113441598e-12
5.143324095749435e-12
5.025060562198496e-12
5.188039071880994e-12
5.759804634483673e-12
3.778062384518037e-12
5.014488458218628e-12
4.498228710310368e-12
4.286760765792577e-12
4.092243262041521e-12
6.81257222253343e-12
4.729201008800418e-12
6.106194740071315e-12
4.384624097951929e-12
5.027774504809387e-12
6.334481912280726e-12
5.020287413412572e-12
5.384717284036776e-12
5.224624714459359e-12
6.619431134896655e-12
5.522007821365708e-12
5.294895827241406e-12
4.270604663096719e-12
5.12414254369684e-12
5.46765282484208e-12
5.134329303882881e-12
6.020303832548378e-12
4.592267145660629e-12
5.693717451368998e-12
6.236442592688794e-12
5.146016814728922e-12
4.529884228641708e-12
5.281353338473362e-12
5.182002785241819e-12
4.199159640516119e-12
5.500585772119272e-12
4.526304168843699e-12
7.313532674447333e-12
5.151719241634189e-12
6.134797963358829e-12
6.345849385235605e-12
4.079757285687935e-12
5.412992788307978e-12
4.152211717474969e-12
4.144048435595307e-12
4.102182990674805e-12
4.171280644687086e-12
5.285732650931755e-12
4.300725142372165e-12
4.041788408181193e-12
4.171168896133542e-12
4.530675098801256e-12
6.226699753170595e-12
5.179638083114499e-12
6.048952571011781e-12
5.939903947383576e-12
4.812270625314993e-12
4.687756956215675e-12
5.365636237746291e-12
4.779980527065812e-12
4.651760980111199e-12
6.084494822407409e-12
6.007158009738866e-12
6.363045034356563e-12
6.170686364276637e-12
4.715901870228228e-12
4.553020103508901e-12
4.426384186144051e-12
3.936831712430033e-12
4.330538495320344e-12
3.716950715902357e-12
4.269658286279218e-12
3.825829989494404e-12
4.437152539862286e-12
4.142158359810029e-12
5.310578231831328e-12
4.591220212092307e-12
5.015373208624643e-12
6.964240563289584e-12
5.746411988106005e-12
5.37169685105854e-12
5.011761486110555e-12
4.303665713158731e-12
4.929673517168621e-12
5.389769412563535e-12
4.44446852047297e-12
4.814513326807491e-12
4.034129647262875e-12
5.077094794433288e-12
4.144175014261569e-12
4.003762611052802e-12
5.314775251097548e-12
4.055701713527873e-12
4.325563495159682e-12
4.643252024149999e-12
6.943628117714355e-12
3.863825520094874e-12
5.089975669214435e-12
3.851860742961653e-12
4.654772853885685e-12
5.719036956138353e-12
4.86297904006834e-12
4.424598633153988e-12
6.357635651683308e-12
4.663954687124278e-12
5.130366817487872e-12
6.290771685908263e-12
4.60390919188737e-12
5.025578372188455e-12
4.827312590672499e-12
4.973990253488745e-12
4.2160803621884e-12
4.127990836751609e-12
4.297434742880272e-12
5.101971921938782e-12
4.137989914187367e-12
6.32179259864102e-12
4.950218243471745e-12
4.373119959061765e-12
5.430111799411294e-12
5.126660659431017e-12
6.071573338222665e-12
4.836891347600206e-12
4.97800819709341e-12
4.332866009477105e-12
5.244421611557187e-12
4.213272395403966e-12
4.922270479887773e-12
4.40473706533695e-12
6.426434806844134e-12
4.860560943183492e-12
4.166096449942663e-12
4.850381909639639e-12
5.255374298509745e-12
6.088696921455324e-12
4.052735573292681e-12
4.781783735484866e-12
5.55538557181466e-12
5.603137440594046e-12
4.430413499029171e-12
5.339252325567905e-12
4.159072457261218e-12
5.21130544720995e-12
4.47160106312754e-12
7.833866194023746e-12
5.543029602953632e-12
4.009243468628646e-12
4.967349083350773e-12
4.048711571557444e-12
4.107783976563385e-12
5.280420566967673e-12
4.753911433870826e-12
4.068716187185807e-12
3.906489633818812e-12
3.913097063444748e-12
4.035476404092161e-12
5.402487591557052e-12
5.408616014075045e-12
4.32386754736543e-12
4.176479615934956e-12
3.841796331518415e-12
4.565848184885874e-12
6.937696848060732e-12
4.691053082296584e-12
5.117411914740089e-12
5.339274971759662e-12
5.385594918243241e-12
5.896784139593104e-12
5.784175197772264e-12
4.58446973816933e-12
4.223313834262689e-12
4.023070423232037e-12
4.617260801985403e-12
7.010982962687459e-12
7.554544511883069e-12
3.901316889688499e-12
5.158285828164e-12
5.802457182333565e-12
4.832169101417995e-12
5.252221830248753e-12
5.170275016519445e-12
5.818605608969092e-12
4.66429092370312e-12
4.607596091296388e-12
6.365885041323642e-12
4.703565274678258e-12
3.92585254765772e-12
5.149486609683821e-12
4.620615759491656e-12
5.594696205628342e-12
5.207889626349988e-12
4.47722914520514e-12
5.326779681447441e-12
4.492404917415694e-12
5.784781852288781e-12
4.671233556044369e-12
4.398384903142866e-12
4.337209463831274e-12
4.341069205769352e-12
6.557382428153069e-12
4.570659080589839e-12
5.608527648446591e-12
6.598411841939855e-12
5.034481246437012e-12
6.161190766561489e-12
4.59611297847259e-12
4.894406080441323e-12
5.052971960611377e-12
4.03905955557474e-12
6.507916130687865e-12
5.021741100187396e-12
6.12209562311497e-12
7.04792467793567e-12
5.553826640927107e-12
6.66193310695511e-12
4.78277755777405e-12
5.644287802048696e-12
4.592958178440986e-12
4.870617805728762e-12
6.954283846044568e-12
4.971723194463573e-12
5.002000346339046e-12
5.506391872745855e-12
4.665228982809102e-12
5.700933622479098e-12
5.135525147917098e-12
4.784910480316535e-12
4.563317474025557e-12
6.289756631385139e-12
4.87065537619897e-12
5.048447972193335e-12
4.375091989436084e-12
4.624404557718932e-12
6.208701359419159e-12
7.287855993919224e-12
6.294021596302179e-12
5.263927944365973e-12
5.339075004374384e-12
4.770387148477862e-12
4.069233434343375e-12
4.670395908899335e-12
6.81225278622995e-12
6.135562307190783e-12
6.609406262112276e-12
7.18724839308798e-12
5.883004186548841e-12
4.894712606051929e-12
4.382152969078641e-12
4.034120164768158e-12
4.247592897363753e-12
4.178250347737976e-12
4.219310268789449e-12
4.613054613531735e-12
5.907626200703483e-12
5.071819527287712e-12
6.562019452515504e-12
3.9989588936341e-12
5.146670052715762e-12
4.649315028182397e-12
4.263845508984028e-12
4.086541224804327e-12
4.167227981213739e-12
4.09882956757275e-12
5.105125162236762e-12
4.202114474325343e-12
4.828781168780861e-12
6.123798483337851e-12
6.145928422232162e-12
5.682489432914984e-12
4.756833655670123e-12
4.539854791349805e-12
6.257315278986791e-12
4.823709703483966e-12
5.301569625364077e-12
4.432992180164319e-12
4.783023351535217e-12
4.426436023617345e-12
4.61676220223291e-12
5.636694743543933e-12
4.904397775834617e-12
5.351766703110013e-12
4.931752151295697e-12
5.727616225443943e-12
5.439729117118049e-12
5.366909388602299e-12
4.511169541435675e-12
5.496877574820907e-12
4.132136723563121e-12
5.233402971744947e-12
4.95839730775364e-12
5.37444690344141e-12
4.688465772902307e-12
5.310608354291325e-12
6.041827880315208e-12
5.656857294496598e-12
5.148358907219001e-12
4.47697012885281e-12
5.33947176783198e-12
4.109017704113373e-12
4.424333368498861e-12
4.609482581286808e-12
5.357374242610653e-12
6.006035025022781e-12
4.840945426504407e-12
5.684776281096232e-12
6.581414804996936e-12
4.952628738201601e-12
5.65174601095507e-12
5.035552961001919e-12
4.888537014281227e-12
5.664312374606567e-12
6.880811769190979e-12
6.926400481509308e-12
5.470340449807519e-12
5.299518361786474e-12
5.086397346804152e-12
4.206480903570064e-12
5.831560261443066e-12
5.085638179990729e-12
4.896784993875607e-12
4.324450963184098e-12
5.128441363559151e-12
5.238086018336208e-12
4.228978667862603e-12
4.775144749767106e-12
5.000028541990752e-12
4.429827820163163e-12
4.961624332595712e-12
4.362449009670058e-12
4.054261529986241e-12
5.081832167011685e-12
4.00487974868328e-12
4.671953637870714e-12
3.849617370473759e-12
3.944404127241602e-12
6.448992421292918e-12
4.966325275798702e-12
5.906286833285724e-12
5.451681654603112e-12
5.123094993678039e-12
5.017985652839552e-12
6.173287795141884e-12
3.994461327966967e-12
4.133687098657666e-12
5.272766428329549e-12
4.223026304030198e-12
5.075898471500717e-12
5.362426827941275e-12
4.268336651940804e-12
4.881441786226652e-12
4.21846168204076e-12
4.350288998087795e-12
4.570723861083227e-12
6.752896370980094e-12
5.12773994689561e-12
4.203025813683751e-12
6.908898955880807e-12
6.875012892642737e-12
4.684422416143874e-12
6.010406831208487e-12
5.574168847993874e-12
6.172957571170942e-12
4.29473852512971e-12
5.371881290874039e-12
4.086801954497516e-12
3.965376977930203e-12
3.944709593484659e-12
4.081448422270835e-12
6.296248125992406e-12
6.108139107263324e-12
5.35243638792034e-12
5.020430526891259e-12
4.949762157622757e-12
3.952991504105127e-12
3.897063350250035e-12
3.817190505648554e-12
7.464119683345382e-12
6.407396489012769e-12
6.10436562523156e-12
6.140947096248902e-12
5.101695305351332e-12
5.1857655407464e-12
4.632766003949213e-12
4.048941051193641e-12
3.687026692106431e-12
3.707624339049614e-12
5.046309543054711e-12
5.464528593415276e-12
4.45239594479145e-12
4.997495584766013e-12
4.919079670706163e-12
4.161372702332402e-12
5.120390883339258e-12
3.759384581844555e-12
4.729853716750246e-12
3.999541201241703e-12
6.464697178899077e-12
6.279168367990031e-12
6.152631436930232e-12
6.120616446846986e-12
6.11125180464023e-12
5.209848687794237e-12
4.94172375381886e-12
3.707520886557179e-12
4.220790990045971e-12
5.066623688785262e-12
5.511609513657584e-12
5.751566841360406e-12
4.157798679183138e-12
5.048113008873266e-12
5.90929959082242e-12
5.686806913796846e-12
6.012365946265357e-12
5.894956774539392e-12
4.811194642692197e-12
4.849310582774818e-12
5.194726256639091e-12
4.801218812871353e-12
4.535549789682067e-12
5.469649488281033e-12
5.05648843980217e-12
5.647622395246075e-12
5.31959693460645e-12
5.162081191746259e-12
4.036989488997531e-12
4.93705803738605e-12
4.229454430460334e-12
4.339239472658449e-12
4.926172221643345e-12
6.762556742840674e-12
8.226779360173009e-12
5.899790953520328e-12
5.435722154442973e-12
7.388858338482059e-12
6.999080237338444e-12
4.986684096879854e-12
6.593542670692234e-12
7.446071375831541e-12
6.98424874661085e-12
7.054637255667435e-12
3.818330003111668e-12
5.085896242598982e-12
4.170439287801691e-12
5.111145668826478e-12
5.210720296499249e-12
4.643555478733654e-12
5.243369162570844e-12
4.964255768089126e-12
4.599432332573906e-12
4.421827028522595e-12
4.071763953178014e-12
4.332600390710703e-12
4.936513412886297e-12
4.194910605644732e-12
4.173581015904136e-12
4.300307781960307e-12
5.533817021423998e-12
4.152096360737637e-12
4.518220723034021e-12
4.726629204725309e-12
4.585258020535941e-12
6.334513896040238e-12
4.369042769232832e-12
5.314814344444845e-12
4.991465821317498e-12
4.478823285747499e-12
4.904578279521336e-12
5.509434161019893e-12
5.31470908067918e-12
5.707221768538832e-12
4.964571850081652e-12
6.737177568606446e-12
5.198996008333459e-12
5.10481932792377e-12
5.564392920746521e-12
4.978960124123349e-12
4.351217937872415e-12
4.718851443368362e-12
5.022737557362323e-12
5.078471443595258e-12
6.072306575915633e-12
5.046286995332011e-12
4.57604913849365e-12
4.9679009116311e-12
5.681137139519755e-12
6.399818668731162e-12
5.923787819103688e-12
5.195912868055869e-12
4.449198652724427e-12
5.117604718864869e-12
4.936095661864072e-12
5.479225672140107e-12
7.415967670731158e-12
5.674338714990392e-12
7.130274116045825e-12
6.754487432132059e-12
7.324175778564877e-12
7.005801555378239e-12
6.026264481237319e-12
7.457525930465155e-12
5.568085558772859e-12
5.315321694168753e-12
4.347515987369016e-12
6.975161560731034e-12
5.228541098855397e-12
4.683595897097656e-12
7.343029664716436e-12
6.114053965143266e-12
4.197005515965145e-12
4.945092044797449e-12
5.6812508301841e-12
4.975146145125567e-12
5.268387827479908e-12
5.260408435396854e-12
6.062034764492084e-12
6.14485364074162e-12
4.943179693819993e-12
6.646205670932807e-12
5.599002719699956e-12
5.570896092690388e-12
4.737096389174112e-12
7.492874397657174e-12
6.477393110837716e-12
4.782985396911646e-12
5.115896630729769e-12
4.438965556835122e-12
3.918136281573681e-12
5.100329562716714e-12
4.711579529670306e-12
3.903019617069794e-12
5.317858546780467e-12
4.265199363827091e-12
4.511901546531878e-12
3.593968720133279e-12
3.859235653736675e-12
4.621202371369673e-12
6.876889997094972e-12
5.184393891041211e-12
5.570116224805572e-12
3.983975342377413e-12
4.829704817575202e-12
6.024584383489043e-12
6.442814784807728e-12
4.82534747900377e-12
5.349201180737424e-12
4.422546961406997e-12
4.073125335506559e-12
4.421631141001911e-12
3.769318920199928e-12
5.174908961443235e-12
4.090626699639556e-12
4.847419856275783e-12
4.398714060378105e-12
4.289162163624708e-12
4.298937678775082e-12
4.662564743146333e-12
4.347205028670114e-12
5.241919735372721e-12
5.251526528884399e-12
5.898993341803328e-12
5.723329885676234e-12
5.079479301758374e-12
4.57727788105568e-12
4.859372432361842e-12
4.036791595199564e-12
4.975065128207742e-12
5.967701847110235e-12
4.468541431623455e-12
4.952372487868378e-12
4.196661683999782e-12
4.917952765921974e-12
3.996719476150805e-12
4.973454918714844e-12
3.806801942952099e-12
4.383109120213214e-12
5.011703400214048e-12
5.848517680533022e-12
3.530426496108615e-12
3.74539223568606e-12
7.020926996111001e-12
4.226076724509893e-12
5.013517455464372e-12
5.941052556846113e-12
3.935321924928578e-12
4.284413683603191e-12
4.014535405455571e-12
5.513737254015293e-12
5.64250360047463e-12
6.084950766944031e-12
5.440036920596933e-12
5.900887233573092e-12
7.002972141873882e-12
5.800748552724613e-12
4.99490398222685e-12
4.357252483983725e-12
3.909697084456214e-12
6.056930373454289e-12
4.215364306575918e-12
4.528957145412683e-12
6.293002648439532e-12
4.79830416999674e-12
5.068467629711736e-12
4.423442295740035e-12
4.361500559286837e-12
4.157025062038628e-12
4.047451416653032e-12
5.166044160305465e-12
5.081457358924058e-12
5.587720421322879e-12
5.277117105714795e-12
4.242930824119596e-12
4.066635104043524e-12
5.611635640530905e-12
4.092721984491833e-12
4.972993643805809e-12
6.21941157548618e-12
5.467266721237456e-12
5.114530607413389e-12
4.523937904779243e-12
4.973627094576673e-12
4.881108789190625e-12
4.296553457029938e-12
4.176574660626066e-12
3.929717463296321e-12
3.82901721824905e-12
4.9307940780686e-12
4.788159452684719e-12
5.063988593458031e-12
5.451099170494622e-12
4.359824900745778e-12
5.112644583976929e-12
4.349211717622072e-12
4.215984797481136e-12
4.743386147419677e-12
4.607724057386578e-12
4.072840311652394e-12
4.303487242763592e-12
5.761236684594985e-12
4.537925269301278e-12
5.882328962386099e-12
7.0213213529916e-12
5.662490006431665e-12
6.652600838337954e-12
8.31660287923023e-12
6.142994695853563e-12
7.005212170068396e-12
5.071228940675279e-12
4.894064290674507e-12
5.198367598092678e-12
4.397452711555765e-12
3.961429588131394e-12
6.295431942205261e-12
4.872540266913174e-12
4.46731288959949e-12
5.446059436540421e-12
5.017299511898583e-12
4.973999145572959e-12
5.872077553034592e-12
4.694556851517852e-12
4.609479958343552e-12
5.614572176739023e-12
5.177498032786528e-12
4.74141123612266e-12
5.183975328874476e-12
4.905816992308781e-12
5.245408684895286e-12
5.043907758640146e-12
5.089013670798198e-12
5.044519647380402e-12
4.054146598169157e-12
6.180754867703893e-12
5.053939107706898e-12
4.536386723661761e-12
4.799776841925074e-12
4.593523176046637e-12
5.267817963427075e-12
4.723099318209341e-12
3.992060051362132e-12
4.819311838016212e-12
6.719612051378456e-12
4.151152346646262e-12
3.708274192698692e-12
4.975060497980378e-12
5.237706986700229e-12
3.94194384900755e-12
3.867263022900928e-12
5.027428482023193e-12
4.119908152535934e-12
4.761001933597734e-12
3.843584141733066e-12
5.185716462135601e-12
4.143776917969104e-12
3.929754748658533e-12
4.254362663783864e-12
6.659904761566406e-12
5.561141947677154e-12
5.887315259948009e-12
5.699771132293719e-12
5.128994927064636e-12
5.061333403508844e-12
4.22869162320904e-12
4.006442593149687e-12
4.373143411620058e-12
4.103006068137933e-12
4.692856345930635e-12
4.462306427575774e-12
5.093570266738833e-12
4.905588580444265e-12
5.346931425640057e-12
5.186250470733348e-12
5.387268266849896e-12
5.262200418072248e-12
5.366226960828146e-12
5.265870770954846e-12
5.403085662523688e-12
5.301400939327505e-12
5.425171042544571e-12
4.055128746736377e-12
5.191964338365115e-12
5.770960998276902e-12
4.490533967426054e-12
5.471554016503666e-12
4.945205498919132e-12
5.15427957186143e-12
6.78587931589159e-12
5.709693965990957e-12
4.925615573158274e-12
4.176414813254404e-12
5.061541293247985e-12
4.889468633402337e-12
5.220211507266252e-12
4.249098134428918e-12
3.98829248333999e-12
5.759113661247104e-12
5.496385444308062e-12
4.924719332616518e-12
4.775966033494461e-12
5.420762461270034e-12
4.172303974029269e-12
4.591964189359473e-12
4.04770946025336e-12
5.698597226238651e-12
5.786253615038457e-12
5.292180373593458e-12
7.968133907787369e-12
7.227628596989322e-12
5.250113775211538e-12
4.935585710291839e-12
4.32385604127833e-12
4.370701560707845e-12
6.823697161686873e-12
5.282563897889804e-12
5.377374067076127e-12
6.138702990436252e-12
5.704240438122472e-12
4.933295490879626e-12
4.154381928146762e-12
5.009174986955678e-12
5.830742134702808e-12
5.796665722083397e-12
5.473325865657718e-12
5.324925556853115e-12
4.99809186568757e-12
5.046402583403466e-12
5.016143572223357e-12
5.048520392506588e-12
4.168203584012283e-12
3.715546126558256e-12
4.413961420352443e-12
4.317696238008816e-12
5.447916905192237e-12
4.999550469701556e-12
4.493979149385048e-12
4.134380510846232e-12
6.407625630874675e-12
5.76492335698812e-12
9.025799881639946e-12
4.22825881836674e-12
5.018158136728119e-12
5.290867820167619e-12
4.896708111804582e-12
4.237770454640103e-12
3.883973248458344e-12
4.725032778895028e-12
4.266675244584288e-12
4.904278295165966e-12
9.752840220359498e-12
7.943246966884324e-12
4.432690416839496e-12
5.746380118240154e-12
6.233470621000879e-12
5.13121496691358e-12
4.100709699093246e-12
6.76103847838844e-12
5.399577612492054e-12
5.700454356102494e-12
6.513938042416658e-12
4.036587282811606e-12
5.150627316109396e-12
4.227418626063034e-12
4.136759439588736e-12
4.924152337976625e-12
5.156641451170386e-12
4.792691218191147e-12
4.81893697094798e-12
5.19653486770469e-12
6.1789862528957e-12
5.781069269269569e-12
5.498034251552404e-12
5.480625194510371e-12
5.859643909443789e-12
4.483405930720029e-12
4.67939637528179e-12
5.908039796974625e-12
5.248072117405438e-12
4.765176502883023e-12
5.771703148128265e-12
4.247550043995967e-12
4.721086043458679e-12
5.193116543328436e-12
3.899172407479773e-12
5.040909253346056e-12
4.04920034319377e-12
4.222608132324262e-12
5.403381977119653e-12
4.895144489775067e-12
6.628408372403824e-12
5.414384232446e-12
7.132425554632916e-12
4.207946562347049e-12
5.566861325258348e-12
5.06871406527172e-12
6.080056870167207e-12
6.052271893796633e-12
5.175057282391443e-12
4.932718919600777e-12
4.176003736992577e-12
4.169888188128914e-12
6.769835065211615e-12
5.601965510430192e-12
5.548219064852447e-12
5.49188388623867e-12
5.365459970826995e-12
4.990808940005061e-12
4.782092972119512e-12
3.828019170589452e-12
3.603534407331416e-12
3.828605605483252e-12
3.5908075258364e-12
4.158893393384789e-12
3.931331929909949e-12
4.636929955396674e-12
4.423774845926213e-12
4.966335779019387e-12
4.778848841278105e-12
5.0917244471131e-12
4.93623902081298e-12
5.128976178285065e-12
4.994249890411934e-12
5.172809138778709e-12
4.981489559434587e-12
7.120264156930219e-12
7.402312803749641e-12
5.564399487949427e-12
5.505842322527358e-12
5.223476771747315e-12
5.104732814872601e-12
4.662696454249715e-12
4.49194739085652e-12
6.84600461195546e-12
4.331902982795516e-12
4.779559870640974e-12
4.138072385169774e-12
4.163703160270946e-12
4.347418975676156e-12
4.229321812397354e-12
4.602087345917896e-12
4.434273385179458e-12
4.752776755402096e-12
4.582760417562141e-12
4.825756612059851e-12
4.424681185179216e-12
5.090624555556406e-12
4.762996994968569e-12
5.991591573116551e-12
4.582302918444652e-12
4.169549587904847e-12
5.252134504691706e-12
5.04694397245248e-12
4.302470168020525e-12
4.624887169567042e-12
5.027939056303588e-12
5.599481048197805e-12
5.0337382686031e-12
4.389460445825731e-12
4.809115408965231e-12
4.793272887227817e-12
4.527649949458832e-12
4.852579401884775e-12
5.668833475388729e-12
5.825406881292073e-12
3.879454369274978e-12
5.336332662657183e-12
5.005604701493989e-12
5.496540123656559e-12
4.926543981687059e-12
5.031905757465733e-12
5.320378678199982e-12
5.537001046824093e-12
4.869701332017159e-12
4.665442145489329e-12
4.309693194875807e-12
4.282967799939684e-12
5.062594207820816e-12
4.532975791470251e-12
4.214989896563916e-12
3.932166163193001e-12
5.129174732036364e-12
3.997696144051867e-12
5.077913170479037e-12
5.224439252382012e-12
5.259747828568121e-12
5.73872378727405e-12
4.940293536578632e-12
4.700358263679794e-12
5.579902373883798e-12
5.212385041603408e-12
5.384292983844244e-12
5.337974355619556e-12
7.382013021712578e-12
6.107434869238363e-12
5.782975603358337e-12
4.851545007038972e-12
6.323920051098459e-12
3.658958564409403e-12
4.513798215090269e-12
4.553265570875734e-12
4.074363400122963e-12
5.076713419026831e-12
5.208600633402257e-12
3.876618700969459e-12
4.949510420579787e-12
4.522282674584689e-12
4.737165561739737e-12
5.323542766779991e-12
5.237870216623359e-12
6.515471809870917e-12
6.257637091529028e-12
6.374387271472904e-12
5.649660127406459e-12
5.447794743510929e-12
5.366825849255223e-12
4.970540171617858e-12
5.407721894964911e-12
5.721522923712611e-12
5.341629919053331e-12
4.853786817575376e-12
4.424928410498145e-12
4.877383544305154e-12
4.850484579413643e-12
5.30538177085636e-12
4.836977339256566e-12
5.639409468292591e-12
5.64814956380053e-12
4.582051875510871e-12
4.474348992622875e-12
4.206310754457879e-12
4.015172270110305e-12
4.196562497286786e-12
4.677870802609985e-12
5.501874180154142e-12
5.81137774424339e-12
4.973052289928807e-12
6.182633985779618e-12
6.972219813497432e-12
5.100193802043842e-12
4.121199195913505e-12
5.237174419245368e-12
6.669697237492293e-12
5.309472435125685e-12
5.317829271638725e-12
4.456456374811104e-12
4.786996430537709e-12
4.227352574727144e-12
5.012775497615554e-12
4.020095333337082e-12
4.84978710682738e-12
4.902939431763404e-12
6.352018696939377e-12
4.472864529725806e-12
5.593907474203245e-12
5.953629743703356e-12
5.5735560561513e-12
5.610472308235109e-12
4.860797827075376e-12
6.273878158248907e-12
3.878716567500162e-12
4.896714228688112e-12
4.884940094277088e-12
3.789904095589573e-12
5.380699176831606e-12
4.702976188571309e-12
4.490362977913104e-12
5.369891956293104e-12
5.112564825480584e-12
5.494273678032981e-12
7.054851062275085e-12
4.170888488130766e-12
4.957927304305858e-12
6.356980808829739e-12
5.777089843721082e-12
5.510672464468448e-12
5.807069251839319e-12
4.845731705799454e-12
4.568874853690665e-12
4.138177835322169e-12
4.365761968383663e-12
6.290872024019877e-12
5.804738900652656e-12
5.037963890076969e-12
5.414142587609608e-12
4.237466162412045e-12
4.890213936379146e-12
5.142307617710376e-12
4.618566894951478e-12
4.661447142591004e-12
6.109938301844977e-12
3.895321406730443e-12
4.950600885386097e-12
5.028140633170445e-12
4.867203255704447e-12
4.134894123312576e-12
4.290572772881117e-12
3.823764860295019e-12
4.078839901559957e-12
5.106676817112773e-12
3.960189730483298e-12
6.848405694858521e-12
4.275395676150981e-12
5.460200991288497e-12
5.560171345449203e-12
4.758008831707158e-12
4.53046535543696e-12
5.586989314440295e-12
5.780982779226678e-12
4.595925661706578e-12
5.354933926862688e-12
4.090736701451472e-12
5.2232740329443e-12
4.558697675913454e-12
4.271685178202341e-12
6.107282351459038e-12
4.538671056800124e-12
4.415898265560721e-12
3.757958392914306e-12
4.003521845868207e-12
6.300163151040217e-12
5.920457950107463e-12
5.39468906164972e-12
5.654099909807188e-12
4.77127100590566e-12
4.427222848626575e-12
4.156893764460032e-12
3.748886433041582e-12
4.555160850522493e-12
4.590680236173754e-12
5.908663907112175e-12
5.31330536973449e-12
6.206969830878505e-12
6.257922597394841e-12
4.373231159386481e-12
4.454375668356719e-12
4.128957448698609e-12
4.052371495218208e-12
5.484002976421561e-12
5.311238175789095e-12
5.718867390737183e-12
5.648250658261882e-12
4.261436507778669e-12
4.178613269829165e-12
6.575161761290996e-12
5.647655699349535e-12
5.091832839095196e-12
4.977237933952953e-12
5.669586538051955e-12
4.440184794846721e-12
6.660394612836259e-12
5.520996695668537e-12
6.701114220859507e-12
6.20720595434183e-12
4.940367525105262e-12
6.307856864593994e-12
5.399769203013115e-12
5.199207035447426e-12
4.91883938596891e-12
4.270534160584328e-12
5.69507717846954e-12
5.167764689148195e-12
4.810352225488276e-12
4.83570220027311e-12
4.179739228502099e-12
4.13039377932616e-12
4.148155724308251e-12
4.028424197184696e-12
4.275946733147543e-12
4.113610950372413e-12
4.394764946213399e-12
4.047578556477355e-12
5.034042593511301e-12
3.954118298102235e-12
4.593972523407071e-12
4.880726834215133e-12
6.322740273740617e-12
6.456062694083893e-12
6.511572472386205e-12
5.1232602030094e-12
5.228864483475137e-12
7.265502675477838e-12
5.41732103206895e-12
5.583920676165659e-12
4.897393105695536e-12
4.917987652004175e-12
4.11539519897919e-12
4.043170267820636e-12
3.938554154604492e-12
3.811258203052086e-12
3.961030873005221e-12
4.957714374092444e-12
6.459854570594993e-12
6.305905433738944e-12
5.555604802327546e-12
6.570284615453232e-12
6.573264266929642e-12
5.848077981596178e-12
6.058807513919393e-12
5.295861508783531e-12
5.460846896985191e-12
5.376453538154314e-12
4.892065132769839e-12
4.82340462347516e-12
3.98340616880184e-12
3.876539728321345e-12
3.70239038270159e-12
5.881167488253372e-12
6.761153022644288e-12
6.78196768897875e-12
5.479264623994575e-12
4.744312075074621e-12
4.415983269660862e-12
3.922373668597958e-12
5.008077997907557e-12
4.783373855353805e-12
4.699573151854418e-12
4.531498644706626e-12
3.762962901883063e-12
3.945041906626169e-12
5.065138142370179e-12
3.985849655788233e-12
4.895635629448813e-12
3.95574775688316e-12
5.358654820071401e-12
5.372537332957045e-12
6.279844781340818e-12
6.318186596363287e-12
4.487729862114749e-12
4.465873743628909e-12
4.007675863451018e-12
3.902001180553897e-12
5.071496801822393e-12
4.94478168419603e-12
5.555404699147261e-12
7.415897316139223e-12
7.267137578558546e-12
4.992852542323934e-12
5.343870194429993e-12
4.073826479742626e-12
4.938671738088727e-12
4.304022667347952e-12
5.841939767363582e-12
5.81415913988632e-12
6.775636991618423e-12
6.568102690012544e-12
4.414552248209856e-12
4.560006300507965e-12
6.250139997744276e-12
5.34693033885685e-12
5.715525475152119e-12
4.58904351539782e-12
5.14243316174626e-12
4.911100199181729e-12
5.187905228367638e-12
4.784897787940024e-12
5.767733271014771e-12
6.405664239485471e-12
4.898451263838825e-12
5.05202084697633e-12
6.568751166095007e-12
3.616399899888408e-12
4.827361781500571e-12
3.380667572820704e-12
5.522011384331522e-12
5.137773846745962e-12
3.843213808844672e-12
3.931113906676393e-12
4.034622025861226e-12
3.997086645399027e-12
5.718333051142107e-12
4.938545026244291e-12
4.516299964335635e-12
4.240510606049034e-12
4.585719198958932e-12
3.813776747427703e-12
4.104097679936555e-12
4.999175351741356e-12
5.616325363202119e-12
6.053101587310569e-12
5.604941362809125e-12
4.026073598135321e-12
4.568924602621811e-12
4.172656802425698e-12
5.20905713880669e-12
4.358073727175986e-12
4.128601811058612e-12
4.568968957574826e-12
6.826654274797776e-12
4.822763661029554e-12
5.527900846324152e-12
5.937124140553657e-12
6.030752922028086e-12
5.467394344937184e-12
5.951920013808288e-12
5.727331669283032e-12
3.592745748593636e-12
4.877005462153789e-12
5.699697700393907e-12
6.798272326973287e-12
4.017051408873736e-12
5.673078480729889e-12
5.760491458770869e-12
4.578634175681079e-12
5.446292887468328e-12
5.075201500224958e-12
4.236748784020046e-12
4.902251217772158e-12
4.174143609273458e-12
5.324054773695814e-12
3.835272154768964e-12
4.890678060421596e-12
3.649739890364155e-12
4.096217415945368e-12
5.882817672844268e-12
6.565139703050168e-12
5.271277214056707e-12
5.923691281683339e-12
7.183098870930769e-12
4.915761503648787e-12
4.649269565091331e-12
4.924190792383332e-12
5.912215717412053e-12
5.812012968642077e-12
4.949277874387764e-12
6.082902149839092e-12
4.572246392735331e-12
4.437805950454182e-12
4.013908694991431e-12
4.996566363420826e-12
4.655737141655212e-12
5.247699308228035e-12
4.283991157352042e-12
6.688001190383981e-12
5.197999035614049e-12
4.963246860706475e-12
7.02563774662367e-12
3.761912311029927e-12
4.981426404478324e-12
4.48046864429323e-12
3.649339818412886e-12
5.298735899754723e-12
4.375772262256889e-12
7.053968767365771e-12
3.956533648980853e-12
4.955132897734858e-12
3.85638536167246e-12
3.694079881437462e-12
4.126480128652673e-12
5.856077552960969e-12
4.326054325102418e-12
4.628530781029788e-12
5.137731945834843e-12
4.31804640459912e-12
4.699181337474871e-12
4.32105461148635e-12
4.696498080585624e-12
4.323989092085571e-12
4.728029248486338e-12
5.699719436483957e-12
4.726563697912267e-12
7.257686159391156e-12
5.145739539907539e-12
5.14476004494174e-12
4.320015486815658e-12
5.007194940604741e-12
7.444700456087224e-12
3.592650840276463e-12
4.959429854729353e-12
4.413125430687965e-12
7.576082227679848e-12
5.15419461382264e-12
4.947154320602322e-12
7.665835387972514e-12
7.012855399984464e-12
6.091365628011856e-12
8.021105546605112e-12
6.550078896949307e-12
5.491256924228771e-12
7.295193782189938e-12
5.937948321259999e-12
4.909050000261137e-12
4.534074989523927e-12
6.195355203533139e-12
5.286392189831342e-12
4.723675842406626e-12
6.471016564977668e-12
5.579602234401681e-12
4.855168512019369e-12
6.783305862551165e-12
7.742914277313731e-12
5.335036530616996e-12
5.462771305179854e-12
5.001008157890463e-12
5.281868929254697e-12
4.942590923955422e-12
6.235343928135846e-12
6.13553174614418e-12
4.893532242033013e-12
5.741871191109605e-12
5.411511133131793e-12
4.804014064617708e-12
5.010555219618612e-12
4.987947501541494e-12
4.838978690829912e-12
5.415159120633042e-12
5.740477013844238e-12
4.40589751444468e-12
4.723184530585974e-12
3.879108456905805e-12
3.867660522524286e-12
3.690860294928099e-12
3.938808537064972e-12
6.610002475414596e-12
5.269512172985823e-12
5.658097150103427e-12
5.028228595817466e-12
4.899206052749296e-12
5.14852329491261e-12
4.941959209305799e-12
5.313424879831363e-12
5.141725409586663e-12
5.333993371288134e-12
5.193148584998195e-12
5.293976131209831e-12
5.135484617358209e-12
5.480378328180309e-12
5.271232437242646e-12
5.375329450110717e-12
5.284348045788368e-12
5.31527336876963e-12
5.24841492018489e-12
5.36131654758411e-12
5.259443647558843e-12
5.231001010743711e-12
5.004283988179684e-12
4.930195821436503e-12
4.729344972854114e-12
4.656584358085678e-12
4.409979550737273e-12
4.22061308510869e-12
4.024748169812866e-12
4.183428355769831e-12
4.008212737523515e-12
4.226339630626356e-12
4.046904885592457e-12
4.153628309089947e-12
4.064819923352418e-12
4.352746419408644e-12
4.391357103546448e-12
5.378934330056892e-12
5.372303528796404e-12
5.849188220578981e-12
5.298862708807783e-12
4.767198830743187e-12
4.148170094347444e-12
3.967792040492326e-12
4.324505515295072e-12
5.630691236921783e-12
4.947085739213213e-12
4.015389552139789e-12
4.153561572716466e-12
6.333285262597485e-12
4.718395678139962e-12
4.957267792524195e-12
6.528636583002035e-12
4.720307559785754e-12
5.0342296052719e-12
4.491300643258321e-12
4.558876136316478e-12
4.585162352710234e-12
6.300681660248842e-12
4.628472610866011e-12
6.002553901852183e-12
6.013210338635148e-12
4.240892457253895e-12
4.590704669569407e-12
5.462269160342215e-12
5.861527467990717e-12
4.541397529184151e-12
4.546034916378697e-12
4.026915249683626e-12
5.777745482513625e-12
5.723814589461928e-12
6.150547474941145e-12
6.074378602545155e-12
4.343969870586922e-12
5.046928125679975e-12
4.989858772177007e-12
4.440945326329094e-12
3.898752417038454e-12
5.27706677503986e-12
4.270848679427486e-12
4.383284549961354e-12
5.757730550795378e-12
4.720790154889828e-12
5.155554860967601e-12
5.077455573345265e-12
4.395366306463914e-12
5.667774135037687e-12
4.938879894658118e-12
6.058097265186412e-12
4.309974242948081e-12
5.432929060906541e-12
4.863371953620911e-12
5.754072281236668e-12
6.033996897311033e-12
4.388800158558438e-12
5.738426429763558e-12
6.569623463404696e-12
4.967436543607887e-12
4.287702220303323e-12
3.800563406473594e-12
4.097470848964491e-12
4.594763651664389e-12
5.100825956908592e-12
6.554262595370017e-12
4.671990332618224e-12
6.794441907658497e-12
5.709663391156587e-12
5.824815501308393e-12
5.441655347500749e-12
4.929889344004394e-12
5.344437467917633e-12
5.29237721378078e-12
4.820694723230634e-12
4.222097254993931e-12
4.999769877113761e-12
4.010245037425578e-12
3.62732227562052e-12
4.620291049025154e-12
4.591799366168235e-12
4.971104165567735e-12
5.902362572659638e-12
4.566196260931702e-12
5.422629797054585e-12
6.246582646128612e-12
4.773836854575578e-12
5.43451391086108e-12
5.984684390757683e-12
4.786731871460787e-12
5.347668664641808e-12
5.719794897443196e-12
5.556941881533029e-12
5.022983626270727e-12
6.637563767677006e-12
5.966650374725107e-12
5.278131751120705e-12
4.722788980533236e-12
4.887980127451548e-12
3.697052058996828e-12
4.340352216256398e-12
4.628409497322641e-12
4.917844727691193e-12
6.609711810875105e-12
5.398439455665735e-12
5.619316846844222e-12
5.280062282647472e-12
4.413588087295246e-12
3.971286636446231e-12
5.012750580839922e-12
4.547749192565932e-12
3.923935915279721e-12
4.683842279133308e-12
4.861246389238051e-12
5.065369692573627e-12
6.116845433755623e-12
4.781790246579862e-12
5.343631739294957e-12
5.398774434413315e-12
4.739307098104108e-12
4.293074094340645e-12
5.411565166696516e-12
5.118520820407923e-12
7.659814446224441e-12
7.027218306140169e-12
5.159848939028101e-12
4.882477150589243e-12
6.055500098835996e-12
4.80413901634028e-12
4.58377538824169e-12
5.170223569049886e-12
4.794589587114735e-12
7.187798786637544e-12
4.299494590364934e-12
4.960111523037031e-12
4.250024050417531e-12
4.320261555977265e-12
3.935772622842869e-12
4.060174573074291e-12
4.306250172705147e-12
5.056440281254549e-12
7.013517107107329e-12
5.062444447894256e-12
5.535204880724437e-12
6.796613754238173e-12
5.26972693753156e-12
4.181768372125854e-12
5.088515726340031e-12
4.139026327939223e-12
4.773474060995926e-12
4.724564973964931e-12
5.128261693811077e-12
5.771861950598915e-12
6.246205835749925e-12
5.435266553242705e-12
5.023558614805886e-12
4.469364619098233e-12
4.928991479367462e-12
6.285254961415925e-12
5.462014560439409e-12
4.859412319925272e-12
6.276293857517608e-12
3.832730290179144e-12
4.880747171488273e-12
3.720773357685373e-12
3.978072768650525e-12
6.361327543817392e-12
5.085078630628216e-12
5.042251024317999e-12
4.34133530597425e-12
4.881423978017334e-12
5.732790835166162e-12
4.295376452950925e-12
4.818382906055374e-12
3.924214616770019e-12
4.184423434961372e-12
5.94657850018816e-12
5.214283397886208e-12
4.843550764240189e-12
4.625082466451417e-12
4.815896128311663e-12
4.051648369811156e-12
4.441876869059692e-12
7.152904946577959e-12
4.433860558811593e-12
4.841502968001529e-12
5.805235159276063e-12
5.196330759337637e-12
4.422319494192096e-12
4.058562467770672e-12
5.108724046242451e-12
4.916195357502612e-12
3.517203459369069e-12
4.67393066480026e-12
4.68191630070644e-12
4.811492743210547e-12
4.805302091334648e-12
4.512699602590634e-12
4.638977504533757e-12
4.211847907531292e-12
4.241034854016106e-12
4.586198294193434e-12
4.211791892918009e-12
4.845093944169855e-12
4.375424867321451e-12
4.559321992545311e-12
4.997455622548745e-12
4.813858947618079e-12
4.986838096511207e-12
5.263282975913562e-12
4.582770228763142e-12
5.047395168684601e-12
4.038267540159942e-12
4.415064244178532e-12
4.114780480270022e-12
3.906785294254545e-12
4.193462341045917e-12
3.977360590570679e-12
6.772540071004086e-12
4.693097399996066e-12
5.100286077049334e-12
8.473898663533246e-12
4.607282738983677e-12
5.154635197584936e-12
5.370640628779767e-12
4.561422934052125e-12
5.104330945270998e-12
5.456114479093935e-12
4.332510679337562e-12
5.078409127660021e-12
3.783820705453055e-12
4.195182986317189e-12
3.823666920367082e-12
3.646040775895604e-12
5.043357452107536e-12
3.937801017808992e-12
4.269508306336791e-12
4.968503458861249e-12
5.490718636869084e-12
5.850443821358853e-12
3.967352981808823e-12
4.966962733020731e-12
5.034904111878893e-12
5.013112039788405e-12
4.99575470655515e-12
4.565938528614233e-12
4.704678041649267e-12
4.047943270078973e-12
6.055286659881665e-12
4.555807273206591e-12
5.563514729038282e-12
4.764764057703637e-12
6.198905591125222e-12
5.844149076000915e-12
6.685986756337949e-12
5.163152799696202e-12
7.638723794803607e-12
4.48101111091054e-12
5.690329038765248e-12
4.136065375016565e-12
4.697619230012768e-12
3.982537920303518e-12
4.13053892435543e-12
3.835646928085284e-12
3.836372858506087e-12
3.993623931700927e-12
5.288666804614028e-12
6.676487608872291e-12
4.784515060494454e-12
5.61112615584403e-12
4.969408401555919e-12
4.662026565005151e-12
5.094268605616912e-12
4.757131965932771e-12
5.145876008536339e-12
4.949814029752121e-12
5.173169745560618e-12
5.026515604740021e-12
4.986474751395157e-12
4.997144366302197e-12
4.985403924802635e-12
4.825971732088476e-12
5.033901452538499e-12
4.832015823390772e-12
4.891622865841462e-12
4.891907248149525e-12
4.695112444923632e-12
4.721378839097476e-12
4.845719691173651e-12
4.343249114245174e-12
6.547156107228089e-12
4.751557066596973e-12
3.872118474716482e-12
5.591627541839404e-12
4.41208461028565e-12
4.804801492881945e-12
4.88918096547562e-12
5.640422726773526e-12
5.753378487479385e-12
4.728128282538878e-12
4.14679835263959e-12
5.266063589344061e-12
4.23187512338879e-12
6.819477438040354e-12
6.163950413921749e-12
5.108010613387896e-12
5.836149705608467e-12
4.555371788989728e-12
4.768509275298581e-12
5.266610997012797e-12
6.660733064398563e-12
5.134945818699489e-12
5.990822579855379e-12
5.814527174412053e-12
5.270472330390036e-12
4.002047272122224e-12
5.518336259253535e-12
6.880771657183852e-12
6.353770835382974e-12
4.912297908916679e-12
7.193667565552141e-12
6.62619298257225e-12
7.35474812916533e-12
4.787704687640494e-12
5.383299426726986e-12
6.231505693611329e-12
7.566359063107402e-12
5.517130239609167e-12
5.600526425572219e-12
4.381231273683964e-12
4.328758867206826e-12
4.288520076465404e-12
4.027262480220524e-12
4.549646644618761e-12
4.313922041270661e-12
4.670422476385019e-12
4.46335614133916e-12
4.612154216099524e-12
4.395959467504116e-12
4.66964556687482e-12
4.451636241919853e-12
4.81672515656765e-12
4.638235690040683e-12
4.838063612479076e-12
4.734908827793941e-12
4.762557812914564e-12
4.594705626651605e-12
4.484566043089959e-12
4.0858663929353e-12
4.599232332615226e-12
4.454759448684528e-12
6.52172244588926e-12
5.587498098076973e-12
3.982959447765124e-12
3.987065714476463e-12
3.843544141643289e-12
3.613369313128696e-12
4.062048725858406e-12
3.795646022865504e-12
4.966386600924443e-12
4.658661607628357e-12
6.889626622410665e-12
7.331059575629962e-12
7.243361641913593e-12
6.589166315078159e-12
5.981379301408217e-12
6.507415448807062e-12
6.996065732471226e-12
5.130130919914808e-12
5.417428800133015e-12
5.50607557020142e-12
5.043288951470675e-12
6.645458565200385e-12
6.097422214182659e-12
5.516720969494292e-12
5.407152361033523e-12
4.26708516667243e-12
4.08155379402982e-12
3.814199962735171e-12
3.60208916866509e-12
4.042352157808127e-12
3.8181160806509e-12
4.211597539851469e-12
3.974783621961889e-12
4.149243165089174e-12
3.910994029614965e-12
4.188414801569041e-12
3.969941157162851e-12
4.400185003256461e-12
4.21756802477791e-12
4.568483087927308e-12
4.39994411207536e-12
4.423963131037496e-12
4.145830758565108e-12
3.79209178440893e-12
4.494406082235444e-12
6.231515675749987e-12
7.18409654872702e-12
7.401273241374067e-12
5.573873874325061e-12
5.547097312854973e-12
4.735636054042432e-12
4.357978789420585e-12
5.368772954799161e-12
4.952854178805357e-12
5.197000637600643e-12
4.939073627171698e-12
3.921934351528789e-12
3.944604248238665e-12
6.331726032394522e-12
4.627129743352277e-12
5.186367469892629e-12
4.181594613848324e-12
4.201429534694836e-12
3.849875692008273e-12
3.706134987257159e-12
3.789528359394548e-12
3.614303588221351e-12
4.003365415919126e-12
3.819099786399563e-12
4.192024976884011e-12
3.961547160304758e-12
3.904365401235692e-12
4.588576573384004e-12
6.826501638849704e-12
6.81233423671608e-12
8.003870567705455e-12
4.213699593878354e-12
4.260127000044455e-12
3.584741401149746e-12
3.809785350970408e-12
6.439129178754693e-12
5.44852504618851e-12
6.358753775994471e-12
9.158602283373746e-12
7.649533920263734e-12
5.060551829790354e-12
4.380518616581347e-12
3.898752569810432e-12
3.97265900762893e-12
5.828730551124881e-12
4.455217462915557e-12
5.258697730895315e-12
3.864933747041656e-12
5.022922877660289e-12
4.775645625475355e-12
5.114304048902773e-12
4.666923337683083e-12
6.607731472736626e-12
5.429922537648724e-12
4.949332465449208e-12
5.101084421754914e-12
4.239579938066329e-12
4.250224225290257e-12
4.892683934058328e-12
6.960863823909782e-12
5.237605554330124e-12
3.968298435804602e-12
6.168011750351584e-12
6.255074336555365e-12
5.709498475476416e-12
7.787281885242259e-12
7.366812119884744e-12
5.676566293726104e-12
4.665631516878972e-12
6.27230150829803e-12
4.173933793241305e-12
5.255467815056619e-12
3.811816472872703e-12
4.283516139579452e-12
3.780017908781619e-12
4.652229118690793e-12
6.438852039405959e-12
4.677358176773416e-12
5.0208120342646e-12
6.172739144679599e-12
4.727965777965736e-12
4.239680721133412e-12
5.042900492421799e-12
4.88458474891338e-12
4.07946977700708e-12
4.147255539541032e-12
4.426243496766011e-12
4.749855822463032e-12
6.606877883183293e-12
7.149769574266886e-12
6.236247894892927e-12
6.342672365211016e-12
5.767080984620525e-12
4.15996101090073e-12
3.951349895360626e-12
7.083972030492541e-12
6.64458541046012e-12
6.836919059673079e-12
5.569413763946183e-12
6.079182944927108e-12
5.267894464926518e-12
7.252457119479685e-12
5.566390651206228e-12
6.971889804937385e-12
4.437488511312045e-12
5.946468902754259e-12
6.340688666432589e-12
7.260465104308808e-12
7.090009902017876e-12
7.119943744641128e-12
6.986787400856635e-12
7.173559746341563e-12
6.383663106301614e-12
6.971786049001596e-12
8.480310694271927e-12
7.566763707856627e-12
6.097545488234296e-12
4.959343585677949e-12
4.668513989974942e-12
4.46935586838717e-12
4.59860505387878e-12
4.854440573039214e-12
3.990218657477023e-12
4.200033911005469e-12
6.745960547710886e-12
5.354400005037771e-12
5.681972541993563e-12
5.393788258783616e-12
5.661864199775512e-12
5.44549365269215e-12
5.063505374682273e-12
4.175996864789614e-12
3.984613824726056e-12
6.995692831779463e-12
6.219036769166459e-12
5.831650570291671e-12
5.770842061035631e-12
4.368537058836003e-12
4.947015291216555e-12
6.811209041706581e-12
5.848776873506296e-12
5.309946773935753e-12
3.953517368860731e-12
4.961411654243736e-12
7.550986524217234e-12
7.017426574371137e-12
4.745611402436881e-12
4.874454707525534e-12
5.796828465851409e-12
8.012936181218503e-12
4.607429029969051e-12
4.358565145055532e-12
6.363954912648067e-12
4.482366799956595e-12
3.926981945279472e-12
4.34517320294967e-12
4.130845452984278e-12
4.417348846938874e-12
5.253851069983712e-12
6.96074398994057e-12
6.858840329251958e-12
7.300343392818865e-12
4.888396683271648e-12
6.541954628226865e-12
7.764695047716486e-12
5.767527592741219e-12
4.899308396209113e-12
5.715048963791186e-12
5.16954461761779e-12
6.869749825046558e-12
5.740544024509348e-12
4.146694939641315e-12
4.563856329910907e-12
5.568919564431091e-12
5.01906055489007e-12
6.234539266237491e-12
4.843400639721285e-12
4.437716053228667e-12
5.641448018214747e-12
4.596013961212387e-12
4.904427370387829e-12
6.997790216507526e-12
4.055099785597669e-12
4.991284079890273e-12
3.82837265212851e-12
3.698308668306343e-12
7.658897581880128e-12
5.270355811138141e-12
5.497528970333821e-12
6.791682701055522e-12
5.890307339687441e-12
4.671947602375022e-12
4.386154528950749e-12
5.31224910678759e-12
4.797753615725186e-12
6.444579975575259e-12
6.133422203937483e-12
4.996955530446887e-12
5.862816660099748e-12
5.356568512914944e-12
4.97704409283093e-12
4.190925451034149e-12
4.531354383820232e-12
5.049732988965229e-12
4.797747282086225e-12
4.93693447483604e-12
5.892475294176285e-12
5.367746132375074e-12
5.031965373666821e-12
4.361303072146868e-12
4.896922624037941e-12
5.387839967786835e-12
5.025513674569942e-12
6.829959373294922e-12
6.65131790380929e-12
5.592504601694469e-12
4.742285544568022e-12
5.200914833066106e-12
5.828598028031786e-12
4.324823425692219e-12
4.370034816206663e-12
5.319489346756365e-12
4.719603113846921e-12
6.705005934765744e-12
4.854747126439228e-12
5.371262611641025e-12
5.309498294927222e-12
4.833863584574913e-12
4.902124273762488e-12
4.06074463773288e-12
4.755991301750459e-12
4.216224435967735e-12
5.882298376395721e-12
6.723141082786169e-12
4.504855576475533e-12
5.81208419126969e-12
4.717213046506193e-12
6.857643364040989e-12
5.653322862536026e-12
5.748262899319008e-12
4.631516352476716e-12
4.347808925766169e-12
5.564398491527329e-12
6.320734947443036e-12
5.783758779016156e-12
6.932555566255234e-12
7.352643203329578e-12
6.998771572103104e-12
5.80027132292054e-12
8.003414869708053e-12
7.189538302536441e-12
6.382750300730238e-12
7.028286305027426e-12
8.194639074324466e-12
8.190040531824684e-12
6.674774951879851e-12
5.712440105490223e-12
6.710330675691427e-12
6.030340049838562e-12
6.664731624830918e-12
6.578357785330085e-12
5.91961575854174e-12
4.697461029871132e-12
5.833029844871198e-12
5.880165276697508e-12
5.928974045992847e-12
5.646527150267589e-12
5.359416260597729e-12
5.769386136073023e-12
6.487195135066005e-12
5.234546421707236e-12
6.113481387175593e-12
5.918250574989842e-12
7.792174325638737e-12
5.632414597321873e-12
6.450645339457314e-12
6.277945316621995e-12
5.162272316731234e-12
5.950902290779243e-12
5.532145324577909e-12
4.855978558248569e-12
5.074793662120452e-12
5.30614606557789e-12
7.167029374139914e-12
6.712857311547265e-12
7.218737244261777e-12
5.791802376246067e-12
6.915957078807805e-12
4.477575124090873e-12
5.358514786540181e-12
5.024681002757645e-12
4.227398680957215e-12
7.10094513454056e-12
4.843934900862107e-12
7.279547623023062e-12
5.926653993587386e-12
4.981243960218214e-12
6.26760601887954e-12
6.072176812561795e-12
4.872069641768371e-12
6.061895877648911e-12
5.878146942900158e-12
5.72440081214146e-12
4.932108746953377e-12
7.155919265877655e-12
5.591369205781335e-12
4.903903268944922e-12
4.871791314601401e-12
4.571358087054021e-12
6.484221033174516e-12
6.521867936526013e-12
5.728009733390351e-12
7.322667993279364e-12
6.969580365535876e-12
6.469277858877867e-12
5.90442295066504e-12
4.780501343875108e-12
5.804812232812196e-12
7.334599634708576e-12
6.395564258865784e-12
6.147491665240736e-12
4.854440144882316e-12
4.687987864596526e-12
5.257555231611923e-12
4.199052684112102e-12
4.678198422354905e-12
3.991219967078013e-12
4.480767981776846e-12
4.384090686703786e-12
4.605337583759243e-12
4.771955871384738e-12
5.280711576924577e-12
6.762837293036019e-12
6.282686173857027e-12
5.872480714862796e-12
5.573682971187015e-12
4.52331969916198e-12
4.328533819376344e-12
5.923051847274823e-12
4.21372682041834e-12
4.306414322633851e-12
4.402430104403554e-12
6.95663242980974e-12
5.517970498065756e-12
5.339693013411405e-12
6.288291387343042e-12
4.864726328227964e-12
5.496765679344779e-12
5.563829472685525e-12
5.929470785547945e-12
5.582855689485132e-12
5.284907437067975e-12
5.810755168690979e-12
5.786785892039406e-12
5.446786290491863e-12
6.659328382643068e-12
4.850747094448663e-12
5.663074434971223e-12
5.251662765818079e-12
5.274846697415098e-12
4.286752005444637e-12
4.87242323593476e-12
5.92952785537339e-12
5.29464983786761e-12
6.203498378259363e-12
6.894788455144475e-12
4.577840989900401e-12
6.377135289594497e-12
4.75030418156026e-12
6.673039318572444e-12
5.188788225795057e-12
5.496701013487793e-12
4.919306568789045e-12
6.773335384162295e-12
5.072368184691395e-12
4.936268238140234e-12
6.708864448054711e-12
8.958449043961803e-12
5.03739934533807e-12
5.602837351693083e-12
6.063487719277202e-12
1.064117972933061e-11
7.240431065474909e-12
1.019237815801257e-11
8.443973095836566e-12
5.494603873539839e-12
7.637023178634012e-12
5.906193376714809e-12
7.626619804416252e-12
4.72818103654556e-12
7.496563288286397e-12
8.544359532409426e-12
1.395280572456482e-11
9.826795047574903e-12
