# PASS_SET  Hipparcos
# PASSBAND  VT
# EFFWL     5230
# WLFACTOR  1
# REFERENCE Hipparcos and Tycho catalogues, ESA pub. SP-1200, Vol. 1, pg. 39
# Table taken from ADPS http://ulisse.pd.astro.it/Astro/ADPS/Systems/index.html         
4550     0.000
4600     0.022
4650     0.115
4700     0.301
4750     0.530
4800     0.737
4850     0.870
4900     0.940
4950     0.973
5000     0.990
5050     0.996
5100     0.991
5150     0.975
5200     0.949
5250     0.916
5300     0.878
5350     0.837
5400     0.794
5450     0.749
5500     0.704
5550     0.658
5600     0.612
5650     0.565
5700     0.518
5750     0.471
5800     0.424
5850     0.379
5900     0.335
5950     0.293
6000     0.254
6050     0.218
6100     0.186
6150     0.159
6200     0.135
6250     0.114
6300     0.097
6350     0.082
6400     0.069
6450     0.058
6500     0.047
6550     0.038
6600     0.028
6650     0.018
6700     0.008
6750     0.000
