# PASS_SET  HST FOC
# PASSBAND  F152M F/96
# EFFWL     1500
# WLFACTOR  1
# REFERENCE Nota, A., et al 1996, FOC Instrument Handbook, version 7.0              
# Table taken from ADPS http://ulisse.pd.astro.it/Astro/ADPS/Systems/index.html         
1100  0.000
1120  0.007
1140  0.018
1160  0.032
1180  0.047
1200  0.060
1220  0.073
1240  0.085
1260  0.100
1280  0.120
1300  0.147
1320  0.178
1340  0.221
1360  0.273
1380  0.339
1400  0.427
1420  0.531
1440  0.663
1460  0.817
1480  0.939
1500  0.999
1520  0.986
1540  0.910
1560  0.760
1580  0.636
1600  0.538
1620  0.457
1640  0.388
1660  0.334
1680  0.292
1700  0.259
1720  0.230
1740  0.204
1760  0.180
1780  0.160
1800  0.143
1820  0.128
1840  0.115
1860  0.104
1880  0.094
1900  0.085
1920  0.077
1940  0.070
1960  0.064
1980  0.058
2000  0.053
2020  0.048
2040  0.045
2060  0.041
2080  0.039
2100  0.036
2120  0.034
2140  0.032
2160  0.030
2180  0.028
2200  0.026
2220  0.024
2240  0.023
2260  0.021
2280  0.020
2300  0.019
2320  0.018
2340  0.017
2360  0.016
2380  0.016
2400  0.015
2420  0.014
2440  0.014
2460  0.013
2480  0.012
2500  0.012
2520  0.012
2540  0.011
2560  0.011
2580  0.010
2600  0.010
2620  0.010
2640  0.009
2660  0.009
2680  0.008
2700  0.008
2720  0.008
2740  0.008
2760  0.007
2780  0.007
2800  0.007
2820  0.007
2840  0.007
2860  0.006
2880  0.006
2900  0.006
2920  0.006
2940  0.006
2960  0.006
2980  0.006
3000  0.006
3020  0.006
3040  0.006
3060  0.005
3080  0.005
3100  0.005
3120  0.005
3140  0.005
3154  0.000
