# PASS_SET  HST FOC
# PASSBAND  F307M F/96
# EFFWL     3080
# WLFACTOR  1
# REFERENCE Nota, A., et al 1996, FOC Instrument Handbook, version 7.0              
# Table taken from ADPS http://ulisse.pd.astro.it/Astro/ADPS/Systems/index.html         
1570  0.000
1580  0.001
1600  0.003
1620  0.023
1640  0.051
1660  0.091
1680  0.124
1700  0.127
1720  0.116
1740  0.101
1760  0.085
1780  0.073
1800  0.062
1820  0.054
1840  0.047
1860  0.042
1880  0.038
1900  0.034
1920  0.031
1940  0.028
1960  0.026
1980  0.025
2000  0.024
2020  0.023
2040  0.022
2060  0.021
2080  0.021
2100  0.020
2120  0.020
2140  0.019
2160  0.019
2180  0.019
2200  0.019
2220  0.019
2240  0.019
2260  0.019
2280  0.020
2300  0.020
2320  0.021
2340  0.021
2360  0.022
2380  0.023
2400  0.024
2420  0.026
2440  0.027
2460  0.029
2480  0.031
2500  0.034
2520  0.037
2540  0.040
2560  0.044
2580  0.044
2600  0.045
2620  0.050
2640  0.056
2660  0.063
2680  0.071
2700  0.080
2720  0.091
2740  0.105
2760  0.123
2780  0.142
2800  0.168
2820  0.199
2840  0.237
2860  0.285
2880  0.342
2900  0.407
2920  0.488
2940  0.573
2960  0.666
2980  0.766
3000  0.857
3020  0.929
3040  0.968
3060  0.996
3080  0.998
3100  0.983
3120  0.938
3140  0.882
3160  0.830
3180  0.764
3200  0.690
3220  0.613
3240  0.535
3260  0.467
3280  0.407
3300  0.344
3320  0.287
3340  0.239
3360  0.199
3380  0.167
3400  0.137
3420  0.114
3440  0.094
3460  0.077
3480  0.065
3500  0.054
3520  0.046
3540  0.039
3560  0.033
3580  0.027
3600  0.024
3620  0.021
3640  0.019
3660  0.016
3680  0.014
3700  0.013
3720  0.011
3740  0.010
3760  0.009
3780  0.008
3800  0.007
3820  0.006
3840  0.006
3860  0.005
3880  0.005
3900  0.004
3920  0.004
3940  0.004
3960  0.003
3980  0.003
4000  0.003
4020  0.003
4040  0.003
4060  0.002
4080  0.002
4100  0.002
4120  0.002
4140  0.002
4160  0.002
4180  0.002
4200  0.001
4220  0.001
4240  0.001
4260  0.001
4280  0.001
4300  0.001
4320  0.001
4340  0.001
4360  0.001
4380  0.001
4400  0.001
4420  0.001
4440  0.001
4460  0.001
4480  0.001
4500  0.001
4520  0.001
4540  0.001
4560  0.001
4580  0.001
4600  0.001
4620  0.001
4640  0.001
4660  0.001
4680  0.001
4700  0.001
4720  0.001
4740  0.001
4760  0.001
4780  0.001
4800  0.001
4820  0.001
4840  0.001
4860  0.001
4880  0.000
