# PASS_SET  HST FOC
# PASSBAND  F175W F/48
# EFFWL     1730
# WLFACTOR  1
# REFERENCE Nota, A., et al 1996, FOC Instrument Handbook, version 7.0              
# Table taken from ADPS http://ulisse.pd.astro.it/Astro/ADPS/Systems/index.html         
1100  0.000
1120  0.010
1140  0.024
1160  0.039
1180  0.052
1200  0.057
1220  0.056
1240  0.057
1260  0.063
1280  0.072
1300  0.084
1320  0.102
1340  0.119
1360  0.138
1380  0.165
1400  0.197
1420  0.239
1440  0.284
1460  0.335
1480  0.392
1500  0.456
1520  0.522
1540  0.592
1560  0.660
1580  0.720
1600  0.774
1620  0.829
1640  0.876
1660  0.916
1680  0.950
1700  0.973
1720  0.990
1740  0.999
1760  0.999
1780  0.991
1800  0.980
1820  0.960
1840  0.932
1860  0.898
1880  0.859
1900  0.816
1920  0.766
1940  0.717
1960  0.665
1980  0.613
2000  0.563
2020  0.515
2040  0.467
2060  0.423
2080  0.384
2100  0.346
2120  0.311
2140  0.279
2160  0.250
2180  0.224
2200  0.203
2220  0.183
2240  0.165
2260  0.149
2280  0.135
2300  0.123
2320  0.113
2340  0.103
2360  0.095
2380  0.087
2400  0.080
2420  0.074
2440  0.069
2460  0.064
2480  0.060
2500  0.056
2520  0.053
2540  0.049
2560  0.046
2580  0.043
2600  0.041
2620  0.038
2640  0.036
2660  0.034
2680  0.032
2700  0.030
2720  0.028
2740  0.027
2760  0.025
2780  0.024
2800  0.023
2820  0.022
2840  0.021
2860  0.019
2880  0.018
2900  0.016
2920  0.016
2940  0.016
2960  0.015
2980  0.015
3000  0.014
3020  0.014
3040  0.013
3060  0.013
3080  0.012
3100  0.012
3120  0.012
3140  0.011
3160  0.011
3180  0.011
3200  0.010
3220  0.010
3240  0.010
3260  0.009
3280  0.009
3300  0.009
3320  0.009
3340  0.008
3360  0.008
3380  0.008
3400  0.007
3420  0.007
3440  0.007
3460  0.007
3480  0.007
3500  0.000
