# PASS_SET  HST FOC
# PASSBAND  F210M F/96
# EFFWL     2156
# WLFACTOR  1
# REFERENCE Nota, A., et al 1996, FOC Instrument Handbook, version 7.0              
# Table taken from ADPS http://ulisse.pd.astro.it/Astro/ADPS/Systems/index.html         
1600  0.000
1620  0.001
1640  0.002
1660  0.005
1680  0.010
1700  0.014
1720  0.018
1740  0.022
1760  0.027
1780  0.031
1800  0.038
1820  0.045
1840  0.054
1860  0.065
1880  0.080
1900  0.098
1920  0.123
1940  0.155
1960  0.194
1980  0.253
2000  0.328
2020  0.425
2040  0.537
2060  0.670
2080  0.796
2100  0.911
2120  0.984
2140  1.000
2160  0.970
2180  0.891
2200  0.784
2220  0.664
2240  0.542
2260  0.421
2280  0.328
2300  0.248
2320  0.186
2340  0.140
2360  0.107
2380  0.081
2400  0.063
2420  0.048
2440  0.038
2460  0.030
2480  0.024
2500  0.019
2520  0.016
2540  0.013
2560  0.011
2580  0.009
2600  0.007
2620  0.007
2640  0.006
2660  0.006
2680  0.005
2700  0.004
2720  0.004
2740  0.003
2760  0.003
2780  0.003
2800  0.003
2820  0.002
2840  0.002
2860  0.002
2880  0.002
2900  0.002
2920  0.002
2940  0.002
2960  0.001
2980  0.001
3000  0.001
3020  0.001
3040  0.001
3060  0.001
3080  0.001
3100  0.001
3120  0.001
3140  0.001
3160  0.001
3180  0.001
3200  0.001
3220  0.001
3240  0.001
3260  0.001
3280  0.000
3300  0.000
