# PASS_SET  HST FOC
# PASSBAND  F175W F/96
# EFFWL     1730
# WLFACTOR  1
# REFERENCE Nota, A., et al 1996, FOC Instrument Handbook, version 7.0              
# Table taken from ADPS http://ulisse.pd.astro.it/Astro/ADPS/Systems/index.html         
1140  0.000
1160  0.012
1180  0.034
1200  0.056
1220  0.059
1240  0.063
1260  0.072
1280  0.084
1300  0.097
1320  0.118
1340  0.143
1360  0.169
1380  0.197
1400  0.232
1420  0.283
1440  0.333
1460  0.387
1480  0.447
1500  0.508
1520  0.583
1540  0.637
1560  0.691
1580  0.749
1600  0.793
1620  0.847
1640  0.880
1660  0.909
1680  0.943
1700  0.969
1720  0.989
1740  0.999
1760  0.992
1780  0.983
1800  0.981
1820  0.960
1840  0.933
1860  0.901
1880  0.864
1900  0.821
1920  0.778
1940  0.732
1960  0.681
1980  0.630
2000  0.584
2020  0.539
2040  0.496
2060  0.453
2080  0.410
2100  0.375
2120  0.339
2140  0.307
2160  0.279
2180  0.253
2200  0.229
2220  0.208
2240  0.189
2260  0.170
2280  0.155
2300  0.144
2320  0.132
2340  0.121
2360  0.111
2380  0.102
2400  0.095
2420  0.088
2440  0.082
2460  0.076
2480  0.070
2500  0.066
2520  0.061
2540  0.057
2560  0.054
2580  0.050
2600  0.047
2620  0.044
2640  0.042
2660  0.039
2680  0.037
2700  0.035
2720  0.033
2740  0.031
2760  0.029
2780  0.028
2800  0.026
2820  0.025
2840  0.024
2860  0.022
2880  0.021
2900  0.020
2920  0.019
2940  0.018
2960  0.017
2980  0.016
3000  0.016
3020  0.015
3040  0.014
3060  0.014
3080  0.013
3100  0.012
3120  0.012
3140  0.012
3160  0.011
3180  0.011
3200  0.011
3220  0.010
3240  0.010
3245  0.000
