# PASS_SET  HST FOC
# PASSBAND  F150W F/48
# EFFWL     1400
# WLFACTOR  1
# REFERENCE Nota, A., et al 1996, FOC Instrument Handbook, version 7.0              
# Table taken from ADPS http://ulisse.pd.astro.it/Astro/ADPS/Systems/index.html         
1140  0.000
1160  0.016
1180  0.123
1200  0.191
1220  0.257
1240  0.355
1260  0.460
1280  0.585
1300  0.684
1320  0.806
1340  0.899
1360  0.950
1380  0.994
1400  1.000
1420  0.997
1440  0.992
1460  0.991
1480  0.978
1500  0.971
1520  0.963
1540  0.953
1560  0.944
1580  0.934
1600  0.926
1620  0.910
1640  0.896
1660  0.884
1680  0.869
1700  0.854
1720  0.836
1740  0.814
1760  0.788
1780  0.760
1800  0.725
1820  0.687
1840  0.648
1860  0.607
1880  0.565
1900  0.524
1920  0.484
1940  0.444
1960  0.407
1980  0.374
2000  0.343
2020  0.315
2040  0.288
2060  0.264
2080  0.243
2100  0.226
2120  0.205
2140  0.189
2160  0.174
2180  0.160
2200  0.149
2220  0.138
2240  0.128
2260  0.119
2280  0.111
2300  0.103
2320  0.096
2340  0.090
2360  0.084
2380  0.079
2400  0.074
2420  0.069
2440  0.065
2460  0.061
2480  0.057
2500  0.054
2520  0.051
2540  0.048
2560  0.046
2580  0.043
2600  0.041
2620  0.039
2640  0.037
2660  0.035
2680  0.033
2700  0.031
2720  0.030
2740  0.028
2760  0.027
2780  0.026
2800  0.025
2820  0.024
2840  0.023
2860  0.022
2880  0.021
2900  0.020
2920  0.019
2940  0.019
2960  0.018
2980  0.017
3000  0.017
3020  0.016
3040  0.016
3060  0.016
3080  0.015
3100  0.015
3120  0.015
3140  0.014
3160  0.014
3180  0.014
3200  0.013
3220  0.013
3240  0.012
3260  0.012
3280  0.012
3300  0.011
3320  0.011
3340  0.011
3360  0.011
3380  0.010
3400  0.010
3420  0.010
3440  0.010
3460  0.009
3480  0.009
3500  0.009
3520  0.009
3540  0.009
3560  0.008
3580  0.008
3600  0.008
3620  0.008
3640  0.008
3660  0.007
3680  0.007
3700  0.007
3720  0.007
3740  0.007
3760  0.007
3780  0.007
3800  0.006
3819  0.000
