# PASS_SET  HST FOC
# PASSBAND  F502M F/96
# EFFWL     4940
# WLFACTOR  1
# REFERENCE Nota, A., et al 1996, FOC Instrument Handbook, version 7.0              
# Table taken from ADPS http://ulisse.pd.astro.it/Astro/ADPS/Systems/index.html         
4360  0.000
4380  0.001
4400  0.001
4420  0.001
4440  0.001
4460  0.001
4480  0.001
4500  0.001
4520  0.001
4540  0.001
4560  0.002
4580  0.002
4600  0.003
4620  0.005
4640  0.005
4660  0.016
4680  0.032
4700  0.072
4720  0.178
4740  0.383
4760  0.620
4780  0.736
4800  0.784
4820  0.818
4840  0.853
4860  0.880
4880  0.909
4900  0.938
4920  0.973
4940  0.998
4960  0.989
4980  0.939
5000  0.889
5020  0.827
5040  0.778
5060  0.749
5080  0.741
5100  0.736
5120  0.737
5140  0.723
5160  0.697
5180  0.668
5200  0.661
5220  0.697
5240  0.758
5260  0.756
5280  0.557
5300  0.296
5320  0.134
5340  0.066
5360  0.035
5380  0.021
5400  0.013
5420  0.008
5440  0.006
5460  0.004
5480  0.003
5500  0.003
5520  0.002
5540  0.002
5560  0.002
5580  0.002
5600  0.002
5620  0.002
5640  0.002
5660  0.002
5680  0.002
5700  0.002
5720  0.002
5740  0.002
5760  0.002
5780  0.001
5800  0.001
5820  0.001
5840  0.001
5860  0.001
5880  0.001
5900  0.001
5920  0.001
5940  0.000
