# PASS_SET  HST FOC
# PASSBAND  F342W F/96
# EFFWL     3410
# WLFACTOR  1
# REFERENCE Nota, A., et al 1996, FOC Instrument Handbook, version 7.0              
# Table taken from ADPS http://ulisse.pd.astro.it/Astro/ADPS/Systems/index.html         
2770  0.000
2780  0.001
2800  0.001
2820  0.001
2840  0.002
2860  0.010
2880  0.024
2900  0.042
2920  0.075
2940  0.118
2960  0.175
2980  0.241
3000  0.313
3020  0.389
3040  0.464
3060  0.537
3080  0.604
3100  0.668
3120  0.725
3140  0.774
3160  0.816
3180  0.855
3200  0.886
3220  0.912
3240  0.933
3260  0.950
3280  0.967
3300  0.977
3320  0.987
3340  0.995
3360  1.000
3380  0.999
3400  1.000
3420  1.000
3440  0.997
3460  0.994
3480  0.989
3500  0.984
3520  0.975
3540  0.964
3560  0.950
3580  0.934
3600  0.913
3620  0.887
3640  0.859
3660  0.820
3680  0.777
3700  0.724
3720  0.663
3740  0.594
3760  0.515
3780  0.429
3800  0.341
3820  0.253
3840  0.176
3860  0.110
3880  0.063
3900  0.031
3920  0.014
3940  0.005
3960  0.002
3980  0.000
