# PASS_SET  HST FOC
# PASSBAND  F165W F/96
# EFFWL     1700
# WLFACTOR  1
# REFERENCE Nota, A., et al 1996, FOC Instrument Handbook, version 7.0              
# Table taken from ADPS http://ulisse.pd.astro.it/Astro/ADPS/Systems/index.html         
1140  0.000
1160  0.009
1180  0.028
1200  0.062
1220  0.095
1240  0.119
1260  0.131
1280  0.150
1300  0.176
1320  0.214
1340  0.240
1360  0.274
1380  0.315
1400  0.363
1420  0.420
1440  0.469
1460  0.529
1480  0.592
1500  0.652
1520  0.726
1540  0.781
1560  0.837
1580  0.886
1600  0.928
1620  0.950
1640  0.969
1660  0.981
1680  0.990
1700  0.997
1720  1.000
1740  0.999
1760  0.996
1780  0.989
1800  0.979
1820  0.966
1840  0.948
1860  0.928
1880  0.905
1900  0.875
1920  0.845
1940  0.812
1960  0.775
1980  0.740
2000  0.700
2020  0.663
2040  0.623
2060  0.586
2080  0.548
2100  0.511
2120  0.473
2140  0.437
2160  0.403
2180  0.371
2200  0.342
2220  0.313
2240  0.289
2260  0.267
2280  0.246
2300  0.227
2320  0.209
2340  0.191
2360  0.180
2380  0.168
2400  0.157
2420  0.148
2440  0.138
2460  0.130
2480  0.122
2500  0.115
2520  0.109
2540  0.103
2560  0.097
2580  0.092
2600  0.087
2620  0.083
2640  0.078
2660  0.074
2680  0.070
2700  0.067
2720  0.064
2740  0.061
2760  0.058
2780  0.055
2800  0.053
2820  0.050
2840  0.048
2860  0.046
2880  0.044
2900  0.042
2920  0.040
2940  0.039
2960  0.037
2980  0.036
3000  0.035
3020  0.034
3040  0.033
3060  0.032
3080  0.031
3100  0.030
3120  0.029
3140  0.028
3160  0.027
3180  0.027
3200  0.026
3220  0.025
3240  0.025
3260  0.024
3280  0.023
3300  0.022
3320  0.022
3340  0.021
3360  0.021
3380  0.020
3400  0.019
3420  0.019
3440  0.019
3460  0.018
3480  0.018
3500  0.017
3520  0.017
3540  0.016
3560  0.016
3580  0.015
3600  0.015
3620  0.015
3640  0.014
3660  0.014
3680  0.014
3700  0.013
3720  0.013
3740  0.013
3760  0.013
3780  0.012
3800  0.012
3820  0.012
3840  0.011
3860  0.011
3880  0.011
3900  0.011
3920  0.011
3940  0.011
3960  0.010
3980  0.010
4000  0.010
4020  0.010
4040  0.010
4060  0.010
4080  0.009
4100  0.009
4120  0.009
4140  0.009
4160  0.009
4180  0.009
4200  0.008
4220  0.008
4240  0.008
4260  0.008
4280  0.008
4300  0.008
4320  0.008
4340  0.007
4356  0.000
