# PASS_SET  HST FOC
# PASSBAND  F550M F/96
# EFFWL     5460
# WLFACTOR  1
# REFERENCE Nota, A., et al 1996, FOC Instrument Handbook, version 7.0              
# Table taken from ADPS http://ulisse.pd.astro.it/Astro/ADPS/Systems/index.html         
5100  0.000
5120  0.001
5140  0.001
5160  0.001
5180  0.001
5200  0.001
5220  0.001
5240  0.002
5260  0.003
5280  0.004
5300  0.006
5320  0.011
5340  0.017
5360  0.043
5380  0.096
5400  0.232
5420  0.539
5440  0.862
5460  0.994
5480  0.987
5500  0.982
5520  0.981
5540  0.976
5560  0.935
5580  0.838
5600  0.645
5620  0.377
5640  0.197
5660  0.096
5680  0.050
5700  0.028
5720  0.017
5740  0.011
5760  0.007
5780  0.005
5800  0.004
5820  0.003
5840  0.003
5860  0.003
5880  0.002
5900  0.002
5920  0.002
5940  0.002
5960  0.001
5980  0.001
6000  0.001
6020  0.001
6040  0.001
6060  0.000
