# PASS_SET  HST FOC
# PASSBAND  F470M F/96
# EFFWL     4710
# WLFACTOR  1
# REFERENCE Nota, A., et al 1996, FOC Instrument Handbook, version 7.0              
# Table taken from ADPS http://ulisse.pd.astro.it/Astro/ADPS/Systems/index.html         
4320  0.000
4340  0.001
4360  0.001
4380  0.001
4400  0.002
4420  0.005
4440  0.009
4460  0.014
4480  0.019
4500  0.024
4520  0.031
4540  0.051
4560  0.104
4580  0.233
4600  0.461
4620  0.667
4640  0.759
4660  0.826
4680  0.907
4700  0.979
4720  0.999
4740  0.971
4760  0.918
4780  0.831
4800  0.636
4820  0.382
4840  0.203
4860  0.103
4880  0.056
4900  0.032
4920  0.020
4940  0.013
4960  0.008
4980  0.006
5000  0.004
5020  0.004
5040  0.003
5060  0.003
5080  0.002
5100  0.002
5120  0.000
5140  0.000
5160  0.000
5180  0.000
5200  0.001
5220  0.002
5240  0.002
5260  0.001
5280  0.001
5300  0.001
5320  0.001
5340  0.001
5360  0.000
