# PASS_SET  SDSS
# PASSBAND  z'
# EFFWL     9097.0
# WLFACTOR  1.0
# REFERENCE Fukugita, et al. (1996) AJ 111, 1748
# http://www.sdss.org/dr3/instruments/imager/index.html
 7730 0.0000
 7755 0.0000
 7780 0.0001
 7805 0.0001
 7830 0.0001
 7855 0.0002
 7880 0.0002
 7905 0.0003
 7930 0.0005
 7955 0.0007
 7980 0.0011
 8005 0.0017
 8030 0.0027
 8055 0.0040
 8080 0.0058
 8105 0.0082
 8130 0.0114
 8155 0.0155
 8180 0.0202
 8205 0.0255
 8230 0.0311
 8255 0.0369
 8280 0.0428
 8305 0.0484
 8330 0.0536
 8355 0.0583
 8380 0.0625
 8405 0.0661
 8430 0.0693
 8455 0.0720
 8480 0.0744
 8505 0.0763
 8530 0.0779
 8555 0.0792
 8580 0.0801
 8605 0.0808
 8630 0.0812
 8655 0.0813
 8680 0.0812
 8705 0.0807
 8730 0.0801
 8755 0.0791
 8780 0.0779
 8805 0.0766
 8830 0.0750
 8855 0.0734
 8880 0.0716
 8905 0.0698
 8930 0.0679
 8955 0.0661
 8980 0.0642
 9005 0.0624
 9030 0.0607
 9055 0.0590
 9080 0.0574
 9105 0.0559
 9130 0.0546
 9155 0.0535
 9180 0.0524
 9205 0.0515
 9230 0.0505
 9255 0.0496
 9280 0.0485
 9305 0.0474
 9330 0.0462
 9355 0.0450
 9380 0.0438
 9405 0.0426
 9430 0.0415
 9455 0.0404
 9480 0.0393
 9505 0.0383
 9530 0.0373
 9555 0.0363
 9580 0.0353
 9605 0.0342
 9630 0.0331
 9655 0.0319
 9680 0.0307
 9705 0.0294
 9730 0.0280
 9755 0.0267
 9780 0.0253
 9805 0.0240
 9830 0.0227
 9855 0.0213
 9880 0.0201
 9905 0.0188
 9930 0.0176
 9955 0.0165
 9980 0.0153
 10005 0.0143
 10030 0.0132
 10055 0.0122
 10080 0.0112
 10105 0.0103
 10130 0.0094
 10155 0.0086
 10180 0.0078
 10205 0.0071
 10230 0.0064
 10255 0.0058
 10280 0.0052
 10305 0.0047
 10330 0.0042
 10355 0.0038
 10380 0.0035
 10405 0.0031
 10430 0.0028
 10455 0.0026
 10480 0.0024
 10505 0.0022
 10530 0.0020
 10555 0.0019
 10580 0.0018
 10605 0.0016
 10630 0.0015
 10655 0.0014
 10680 0.0013
 10705 0.0012
 10730 0.0011
 10755 0.0010
 10780 0.0009
 10805 0.0008
 10830 0.0008
 10855 0.0007
 10880 0.0007
 10905 0.0006
 10930 0.0006
 10955 0.0005
 10980 0.0005
 11005 0.0004
 11030 0.0004
 11055 0.0003
 11080 0.0003
 11105 0.0002
 11130 0.0002
 11155 0.0001
 11180 0.0001
 11205 0.0000
 11230 0.0000
