# PASS_SET  SDSS
# PASSBAND  r'
# EFFWL     6261.0
# WLFACTOR  1.0
# REFERENCE Fukugita, et al. (1996) AJ 111, 1748
# http://www.sdss.org/dr3/instruments/imager/index.html
 5380 0.0000
 5405 0.0016
 5430 0.0113
 5455 0.0297
 5480 0.0568
 5505 0.0923
 5530 0.1356
 5555 0.1856
 5580 0.2390
 5605 0.2917
 5630 0.3395
 5655 0.3794
 5680 0.4116
 5705 0.4371
 5730 0.4570
 5755 0.4723
 5780 0.4839
 5805 0.4925
 5830 0.4990
 5855 0.5040
 5880 0.5080
 5905 0.5112
 5930 0.5141
 5955 0.5169
 5980 0.5194
 6005 0.5213
 6030 0.5222
 6055 0.5220
 6080 0.5212
 6105 0.5202
 6130 0.5197
 6155 0.5202
 6180 0.5215
 6205 0.5233
 6230 0.5254
 6255 0.5275
 6280 0.5294
 6305 0.5310
 6330 0.5319
 6355 0.5320
 6380 0.5316
 6405 0.5310
 6430 0.5305
 6455 0.5302
 6480 0.5299
 6505 0.5290
 6530 0.5271
 6555 0.5241
 6580 0.5211
 6605 0.5176
 6630 0.5057
 6655 0.4775
 6680 0.4341
 6705 0.3792
 6730 0.3162
 6755 0.2488
 6780 0.1824
 6805 0.1225
 6830 0.0747
 6855 0.0430
 6880 0.0247
 6905 0.0155
 6930 0.0112
 6955 0.0083
 6980 0.0059
 7005 0.0041
 7030 0.0029
 7055 0.0021
 7080 0.0016
 7105 0.0013
 7130 0.0010
 7155 0.0008
 7180 0.0005
 7205 0.0002
 7230 0.0000
  
