# http://david.elbaz3.free.fr/astro_codes/howto_filters.htm
#wave   response   
46260.0   0.000394349617422   
46300.0   0.000382577987051   
46340.0   0.000412007062978   
46380.0   0.000464979399647   
46420.0   0.000535609181872   
46460.0   0.00058858151854   
46510.0   0.000618010594467   
46550.0   0.000606238964097   
46590.0   0.00058858151854   
46630.0   0.000535609181872   
46670.0   0.000429664508534   
46720.0   0.000376692171866   
46760.0   0.00043555032372   
46800.0   0.000459093584461   
46840.0   0.000412007062978   
46880.0   0.000382577987051   
46930.0   0.000417892878164   
46970.0   0.000464979399647   
47010.0   0.000423778693349   
47060.0   0.00029429075927   
47100.0   0.00014125956445   
47140.0   2.9429075927e-05   
47180.0   5.8858151854e-05   
47230.0   0.000129487934079   
47270.0   8.24014125956e-05   
47310.0   0.000423778693349   
47360.0   0.000441436138905   
47400.0   0.000382577987051   
47440.0   0.000270747498529   
47490.0   0.000211889346675   
47530.0   0.000170688640377   
47570.0   0.000182460270747   
47620.0   0.000400235432607   
47660.0   0.000453207769276   
47700.0   0.000535609181872   
47750.0   0.000594467333726   
47790.0   0.000606238964097   
47840.0   0.000606238964097   
47880.0   0.000635668040024   
47920.0   0.000606238964097   
47970.0   0.000523837551501   
48010.0   0.000453207769276   
48060.0   0.00043555032372   
48100.0   0.000400235432607   
48150.0   0.000394349617422   
48190.0   0.00043555032372   
48240.0   0.000441436138905   
48280.0   0.000376692171866   
48330.0   0.000317834020012   
48370.0   0.000335491465568   
48420.0   0.000388463802237   
48460.0   0.000476751030018   
48510.0   0.000623896409653   
48550.0   0.000747498528546   
48600.0   0.000776927604473   
48640.0   0.000694526191878   
48690.0   0.000517951736315   
48740.0   0.000335491465568   
48780.0   0.000235432607416   
48830.0   0.000376692171866   
48870.0   0.000723955267805   
48920.0   0.00117716303708   
48970.0   0.00170688640377   
49010.0   0.0024602707475   
49060.0   0.0034255444379   
49100.0   0.000276633313714   
49150.0   0.000941730429665   
49200.0   0.00206592113008   
49240.0   0.00393761035903   
49290.0   0.00682165979988   
49340.0   0.0111830488523   
49390.0   0.0178340200118   
49430.0   0.0249028840494   
49480.0   0.0383931724544   
49530.0   0.0566509711595   
49570.0   0.0795762213067   
49620.0   0.106827545615   
49670.0   0.137257210124   
49720.0   0.169570335491   
49760.0   0.203354914656   
49810.0   0.237551500883   
49860.0   0.271630370806   
49910.0   0.305532666274   
49960.0   0.338552089464   
50000.0   0.371041789288   
50050.0   0.402884049441   
50100.0   0.433195997646   
50150.0   0.462330782813   
50200.0   0.489464390818   
50250.0   0.513243084167   
50300.0   0.532842848735   
50340.0   0.546909947028   
50390.0   0.555091230135   
50440.0   0.557504414361   
50490.0   0.555091230135   
50540.0   0.55079458505   
50590.0   0.546439081813   
50640.0   0.544379046498   
50690.0   0.54696880518   
50740.0   0.554384932313   
50790.0   0.567216009417   
50840.0   0.584873454974   
50890.0   0.605061801059   
50940.0   0.626839317245   
50990.0   0.648028251913   
51040.0   0.668040023543   
51090.0   0.684520306062   
51140.0   0.69746909947   
51190.0   0.707474985285   
51240.0   0.713949381989   
51290.0   0.716892289582   
51340.0   0.718069452619   
51390.0   0.716892289582   
51440.0   0.715715126545   
51490.0   0.713360800471   
51550.0   0.70982931136   
51600.0   0.706886403767   
51650.0   0.704532077693   
51700.0   0.7015891701   
51750.0   0.699823425544   
51800.0   0.698646262507   
51850.0   0.698057680989   
51910.0   0.699234844026   
51960.0   0.702766333137   
52010.0   0.708652148323   
52060.0   0.716303708064   
52120.0   0.726898175397   
52170.0   0.738669805768   
52220.0   0.751618599176   
52270.0   0.763390229547   
52330.0   0.774573278399   
52380.0   0.785167745733   
52430.0   0.791642142437   
52480.0   0.794585050029   
52540.0   0.795173631548   
52590.0   0.792230723955   
52640.0   0.78634490877   
52700.0   0.778693349029   
52750.0   0.769276044732   
52810.0   0.756915832843   
52860.0   0.744555620954   
52910.0   0.735138316657   
52970.0   0.72572101236   
53020.0   0.719246615656   
53080.0   0.718658034138   
53130.0   0.722189523249   
53180.0   0.730429664509   
53240.0   0.742201294879   
53290.0   0.756915832843   
53350.0   0.773396115362   
53400.0   0.788699234844   
53460.0   0.804002354326   
53510.0   0.816951147734   
53570.0   0.825191288994   
53620.0   0.831077104179   
53680.0   0.835785756327   
53740.0   0.83872866392   
53790.0   0.840494408476   
53850.0   0.84284873455   
53900.0   0.845203060624   
53960.0   0.845203060624   
54020.0   0.845203060624   
54070.0   0.845203060624   
54130.0   0.843437316068   
54180.0   0.843437316068   
54240.0   0.841671571513   
54300.0   0.838140082401   
54360.0   0.835197174809   
54410.0   0.83460859329   
54470.0   0.834020011772   
54530.0   0.832254267216   
54580.0   0.831077104179   
54640.0   0.831077104179   
54700.0   0.83048852266   
54760.0   0.829899941142   
54810.0   0.831077104179   
54870.0   0.831077104179   
54930.0   0.829899941142   
54990.0   0.829899941142   
55050.0   0.829899941142   
55110.0   0.826957033549   
55160.0   0.825779870512   
55220.0   0.826368452031   
55280.0   0.826368452031   
55340.0   0.829899941142   
55400.0   0.835197174809   
55460.0   0.844614479105   
55520.0   0.856386109476   
55580.0   0.867569158328   
55640.0   0.877575044144   
55700.0   0.886403766922   
55760.0   0.893466745144   
55820.0   0.896409652737   
55880.0   0.8952324897   
55940.0   0.892878163626   
56000.0   0.890523837552   
56060.0   0.887580929959   
56120.0   0.884049440848   
56180.0   0.881106533255   
56240.0   0.879340788699   
56300.0   0.879340788699   
56360.0   0.881695114773   
56430.0   0.885226603885   
56490.0   0.889346674514   
56550.0   0.8952324897   
56610.0   0.901706886404   
56670.0   0.908181283108   
56730.0   0.916421424367   
56800.0   0.921130076516   
56860.0   0.92348440259   
56920.0   0.925250147145   
56980.0   0.922307239553   
57050.0   0.919952913479   
57110.0   0.918187168923   
57170.0   0.914067098293   
57230.0   0.914655679812   
57300.0   0.918775750441   
57360.0   0.925250147145   
57420.0   0.935844614479   
57490.0   0.945850500294   
57550.0   0.952324896998   
57620.0   0.959387875221   
57680.0   0.961742201295   
57740.0   0.955267804591   
57810.0   0.949381989406   
57870.0   0.941730429665   
57940.0   0.932901706886   
58000.0   0.930547380812   
58070.0   0.929958799294   
58130.0   0.932901706886   
58200.0   0.940553266627   
58260.0   0.946439081813   
58330.0   0.951147733961   
58390.0   0.955856386109   
58460.0   0.959387875221   
58530.0   0.962330782813   
58590.0   0.965273690406   
58660.0   0.966450853443   
58730.0   0.968805179517   
58790.0   0.974690994703   
58860.0   0.975279576221   
58930.0   0.976456739258   
58990.0   0.97998822837   
59060.0   0.977045320777   
59130.0   0.974690994703   
59190.0   0.972336668629   
59260.0   0.967039434962   
59330.0   0.966450853443   
59400.0   0.964685108888   
59470.0   0.963507945851   
59530.0   0.965273690406   
59600.0   0.971159505592   
59670.0   0.981753972925   
59740.0   0.989405532666   
59810.0   0.992937021778   
59880.0   0.999411418481   
59950.0   1.0   
60020.0   0.993525603296   
60090.0   0.989405532666   
60160.0   0.983519717481   
60230.0   0.97586815774   
60300.0   0.969393761036   
60370.0   0.966450853443   
60440.0   0.970570924073   
60510.0   0.975279576221   
60580.0   0.974102413184   
60650.0   0.978811065333   
60720.0   0.986462625074   
60790.0   0.985285462036   
60860.0   0.982342554444   
60930.0   0.981165391407   
61010.0   0.97586815774   
61080.0   0.969393761036   
61150.0   0.963507945851   
61220.0   0.953502060035   
61290.0   0.944084755739   
61370.0   0.938787522072   
61440.0   0.935844614479   
61510.0   0.934078869923   
61590.0   0.934667451442   
61660.0   0.936433195998   
61730.0   0.938198940553   
61810.0   0.944673337257   
61880.0   0.952913478517   
61950.0   0.957622130665   
62030.0   0.962919364332   
62100.0   0.965862271925   
62180.0   0.961742201295   
62250.0   0.953502060035   
62330.0   0.940553266627   
62400.0   0.922895821071   
62480.0   0.904649793996   
62550.0   0.889935256033   
62630.0   0.878752207181   
62700.0   0.874043555032   
62780.0   0.876986462625   
62850.0   0.885226603885   
62930.0   0.899941141848   
63010.0   0.916421424367   
63080.0   0.929370217775   
63160.0   0.938787522072   
63240.0   0.944673337257   
63310.0   0.944673337257   
63390.0   0.944084755739   
63470.0   0.941730429665   
63550.0   0.932901706886   
63630.0   0.92348440259   
63700.0   0.905826957034   
63780.0   0.87110064744   
63860.0   0.825779870512   
63940.0   0.768687463214   
64020.0   0.704532077693   
64100.0   0.644496762802   
64180.0   0.587168922896   
64260.0   0.530665097116   
64340.0   0.474985285462   
64420.0   0.413478516775   
64500.0   0.343790464979   
64580.0   0.26856974691   
64660.0   0.195350206004   
64740.0   0.132607416127   
64820.0   0.0839905826957   
64900.0   0.0500529723367   
64980.0   0.0284049440848   
65060.0   0.0161330194232   
65140.0   0.00971159505592   
65230.0   0.00609770453208   
65310.0   0.00386698057681   
65390.0   0.00259564449676   
65470.0   0.00188346085933   
65560.0   0.00128310771042   
65640.0   0.000782813419659   
65720.0   0.000529723366686   
65810.0   0.000829899941142   
65890.0   0.000941730429665   
65970.0   0.00110064743967   
66060.0   0.000517951736315   
66140.0   0.000635668040024   
66230.0   0.000494408475574   
66310.0   0.00112419070041   
66400.0   0.000753384343732   
66480.0   0.000506180105945   
66570.0   0.000494408475574   
66650.0   0.000612124779282   
66740.0   0.000665097115951   
66820.0   0.000565038257799   
66910.0   0.000170688640377   
67000.0   8.8287227781e-05   
67080.0   0.000241318422602   
67170.0   0.000270747498529   
67260.0   0.00043555032372   
67340.0   0.000706297822248   
67430.0   0.000329605650383   
67520.0   0.000412007062978   
67610.0   0.000353148911124   
67700.0   0.000941730429665   
67780.0   0.000753384343732   
67870.0   0.000394349617422   
67960.0   0.000735726898175   
68050.0   0.000812242495586   
68140.0   0.00102413184226   
68230.0   0.000300176574456   
68320.0   0.000553266627428   
68410.0   0.000623896409653   
68500.0   0.00058858151854   
68590.0   0.000517951736315   
68680.0   0.00043555032372   
68770.0   0.000406121247793   
68860.0   0.000506180105945   
68960.0   0.000694526191878   
