# http://david.elbaz3.free.fr/astro_codes/howto_filters.htm
#wave   response   
1882.0   2.22342168925e-09   
1905.0   1.53890175064e-09   
1929.0   6.99438129178e-10   
1953.0   4.1345628593e-10   
4109.0   1.37086075488e-10   
4160.0   1.4517597482e-10   
4212.0   1.52901698619e-10   
4265.0   1.60497359727e-10   
4318.0   1.65400723149e-10   
4372.0   1.69159534896e-10   
4426.0   1.78289935749e-10   
4481.0   1.74244986083e-10   
4537.0   1.78289935749e-10   
4594.0   1.87914574825e-10   
4651.0   2.08750617798e-10   
4709.0   2.25879874099e-10   
4768.0   2.25879874099e-10   
4827.0   2.25879874099e-10   
4888.0   2.31901776656e-10   
4949.0   2.435553937e-10   
5010.0   2.435553937e-10   
5073.0   2.57602164243e-10   
5136.0   2.57602164243e-10   
5200.0   2.57602164243e-10   
5265.0   2.64469474287e-10   
5331.0   2.63480997841e-10   
5397.0   2.77826912572e-10   
5465.0   3.01615378612e-10   
5533.0   3.6253674271e-10   
5602.0   4.24472595791e-10   
5672.0   4.84093332986e-10   
5742.0   5.10222927451e-10   
5814.0   6.13297609448e-10   
5886.0   6.80344926254e-10   
5960.0   7.75875972219e-10   
6034.0   9.08344822204e-10   
6109.0   1.09156413391e-09   
6186.0   1.24706708634e-09   
6263.0   1.53890175064e-09   
6341.0   1.62201180969e-09   
6420.0   1.89904533985e-09   
6500.0   2.10961683531e-09   
6581.0   2.22342168925e-09   
6663.0   2.34346955232e-09   
6746.0   2.53570220846e-09   
6831.0   2.60333480738e-09   
6916.0   3.17522045626e-09   
7002.0   3.29812969851e-09   
7089.0   3.38592201441e-09   
7178.0   3.47605545873e-09   
7267.0   4.06992170226e-09   
7358.0   4.06992170226e-09   
7450.0   4.28959758604e-09   
7543.0   4.17826392321e-09   
7637.0   4.17826392321e-09   
7732.0   4.17826392321e-09   
7828.0   4.28959758604e-09   
7926.0   4.28959758604e-09   
8025.0   4.28959758604e-09   
8125.0   3.9643107978e-09   
8226.0   4.17826392321e-09   
8329.0   4.17826392321e-09   
8433.0   4.28959758604e-09   
8538.0   4.28959758604e-09   
8645.0   4.06992170226e-09   
8752.0   3.9643107978e-09   
8862.0   4.17826392321e-09   
10031.0   1.32833025518e-08   
10156.0   1.32833025518e-08   
10283.0   1.22754467653e-08   
10411.0   1.22754467653e-08   
10541.0   1.26024243685e-08   
10672.0   1.36370730692e-08   
10806.0   1.39999479749e-08   
10940.0   1.36370730692e-08   
11077.0   1.36370730692e-08   
11215.0   1.36370730692e-08   
11355.0   1.36370730692e-08   
11496.0   1.19570532997e-08   
11640.0   1.13447181542e-08   
11785.0   9.94745467315e-09   
11932.0   9.19322113259e-09   
12081.0   9.43812917826e-09   
12232.0   9.19322113259e-09   
12384.0   9.19322113259e-09   
12539.0   9.43812917826e-09   
12695.0   9.43812917826e-09   
12853.0   8.95468615873e-09   
13014.0   8.95468615873e-09   
13176.0   8.95468615873e-09   
13340.0   8.95468615873e-09   
13507.0   7.85188460838e-09   
13675.0   7.85188460838e-09   
13846.0   7.6482064355e-09   
14019.0   7.6482064355e-09   
14193.0   8.95468615873e-09   
14370.0   9.43812917826e-09   
14550.0   9.43812917826e-09   
14731.0   9.68941029576e-09   
14915.0   9.94745467315e-09   
15101.0   9.94745467315e-09   
15289.0   9.68941029576e-09   
15480.0   9.68941029576e-09   
15673.0   9.68941029576e-09   
15869.0   9.94745467315e-09   
16067.0   9.43812917826e-09   
16267.0   9.19322113259e-09   
16470.0   8.90773352756e-09   
16675.0   5.88039435008e-09   
16883.0   5.43440938532e-09   
17094.0   5.02237078272e-09   
17307.0   4.28959758604e-09   
17523.0   3.66373592071e-09   
17742.0   3.66373592071e-09   
17963.0   3.76128293838e-09   
18187.0   3.76128293838e-09   
18414.0   3.9643107978e-09   
18643.0   3.9643107978e-09   
18876.0   3.9643107978e-09   
19111.0   3.76128293838e-09   
19350.0   3.56866009417e-09   
19591.0   3.29812969851e-09   
19835.0   3.21254844835e-09   
20083.0   3.21254844835e-09   
20333.0   3.21254844835e-09   
20587.0   3.04801914523e-09   
20844.0   2.96894102958e-09   
21104.0   2.89194391697e-09   
21367.0   2.53570220846e-09   
21634.0   2.40589964363e-09   
21903.0   2.22342168925e-09   
22177.0   1.78927242931e-09   
22453.0   7.56821788102e-10   
22733.0   5.23814478579e-10   
23017.0   3.35054496267e-10   
23304.0   2.20014046771e-10   
23595.0   2.44413807455e-10   
23889.0   2.93785604661e-10   
24187.0   3.01615378612e-10   
24489.0   3.01615378612e-10   
24794.0   2.86163931015e-10   
25103.0   3.17886221159e-10   
25416.0   4.12324740525e-10   
25733.0   4.59303384231e-10   
26054.0   4.66248731889e-10   
26379.0   4.75262076321e-10   
26708.0   4.96982545587e-10   
27042.0   6.29633483339e-10   
27379.0   7.56821788102e-10   
27720.0   1.24706708634e-09   
28066.0   1.46008376037e-09   
28416.0   1.21180709102e-09   
28771.0   8.86104102177e-10   
29130.0   6.99438129178e-10   
29493.0   6.46398564108e-10   
29861.0   6.29633483339e-10   
30233.0   3.26353302292e-10   
30610.0   2.38066748173e-10   
30992.0   2.38066748173e-10   
31379.0   2.08750617798e-10   
31770.0   1.64776422236e-10   
40207.0   1.23402179851e-10   
41217.0   1.17082433733e-10   
41731.0   1.20200036418e-10   
42251.0   1.30062690217e-10   
42778.0   1.73672710246e-10   
43312.0   1.69159534896e-10   
43852.0   1.73672710246e-10   
44399.0   1.73672710246e-10   
44953.0   1.78289935749e-10   
45514.0   1.73672710246e-10   
46081.0   1.64776422236e-10   
47238.0   1.69159534896e-10   
47827.0   1.64776422236e-10   
48424.0   1.69159534896e-10   
49028.0   2.03340009885e-10   
49640.0   2.57602164243e-10   
50259.0   2.78737351403e-10   
50886.0   3.01615378612e-10   
51520.0   1.3852977135e-09   
52163.0   1.09347605546e-09   
52814.0   1.09347605546e-09   
53472.0   7.97674479099e-10   
54139.0   7.56821788102e-10   
54815.0   7.56821788102e-10   
55498.0   8.40725229561e-10   
56191.0   6.46398564108e-10   
56891.0   4.02739120256e-10   
57601.0   3.53133210207e-10   
58320.0   2.08750617798e-10   
59047.0   1.37086075488e-10   
59784.0   1.33522357776e-10   
60529.0   1.33522357776e-10   
61284.0   1.92921988398e-10   
62049.0   2.14317300939e-10   
62823.0   2.14317300939e-10   
63606.0   2.14317300939e-10   
64400.0   1.83037223942e-10   
65203.0   1.5633535364e-10   
66016.0   1.33522357776e-10   
66840.0   1.35044091252e-10   
93409.0   1.44486642562e-10   
94574.0   1.44486642562e-10   
95754.0   1.44486642562e-10   
96948.0   1.26688864032e-10   
108391.0   1.44486642562e-10   
109743.0   1.44486642562e-10   
111112.0   3.53133210207e-10   
112498.0   3.53133210207e-10   
113901.0   3.53133210207e-10   
115322.0   3.53133210207e-10   
116760.0   2.14317300939e-10   
118217.0   2.20014046771e-10   
138888.0   9.58809146008e-10   
140620.0   9.58809146008e-10   
142374.0   9.58809146008e-10   
144150.0   9.58809146008e-10   
145948.0   3.17886221159e-10   
147769.0   1.33522357776e-10   
149612.0   1.35655385896e-10   
159178.0   2.93785604661e-10   
161164.0   2.93785604661e-10   
163174.0   3.35054496267e-10   
165209.0   4.35775043571e-10   
167270.0   3.92282079963e-10   
169357.0   3.43976796816e-10   
171469.0   2.44413807455e-10   
173608.0   1.76169913898e-09   
175773.0   1.88799001119e-09   
177966.0   1.73217490831e-09   
180186.0   5.91134927035e-09   
182433.0   5.43440938532e-09   
184709.0   5.43440938532e-09   
187013.0   3.28447311604e-09   
189345.0   2.00816793695e-09   
191707.0   2.43126186822e-09   
194098.0   2.06565564602e-09   
196519.0   1.75506594178e-09   
198971.0   3.56462815077e-10   
201452.0   2.56483625107e-10   
203965.0   2.20014046771e-10   
206509.0   2.05121868741e-10   
209085.0   2.01558151029e-10   
211693.0   2.81195536248e-10   
214334.0   5.08649168899e-10   
217007.0   1.21116978384e-09   
219714.0   1.36630856073e-09   
222454.0   6.83024217673e-10   
225229.0   3.51377363889e-10   
228038.0   4.4057435684e-10   
230883.0   7.14642457665e-10   
233763.0   1.07375855162e-09   
236679.0   9.09710480452e-10   
261353.0   2.29976848841e-10   
264613.0   2.88322971672e-10   
267914.0   3.39489634004e-10   
271255.0   4.25591134927e-10   
274639.0   4.38649429025e-10   
278064.0   2.68670499181e-10   
281533.0   6.29633483339e-10   
285044.0   1.18319329917e-09   
288600.0   1.28226205031e-09   
292200.0   9.33941159639e-10   
295844.0   8.71407018183e-10   
299534.0   6.85781546706e-10   
303271.0   8.18913716411e-10   
307053.0   6.21413521317e-10   
314761.0   1.79499518768e-09   
318687.0   1.9449574695e-09   
322662.0   2.47002054991e-09   
326687.0   3.12917826392e-09   
330762.0   2.58057383659e-09   
334888.0   2.74380251281e-09   
339065.0   5.15620529095e-09   
343294.0   3.38592201441e-09   
347576.0   3.17886221159e-09   
351911.0   4.69058085997e-09   
356301.0   4.06172775278e-09   
360745.0   3.74619566631e-09   
365245.0   3.91826860547e-09   
369801.0   7.5285487605e-09   
374413.0   1.01269411857e-08   
379083.0   1.28702234477e-08   
383812.0   1.9024269698e-08   
388599.0   2.60788700153e-08   
393446.0   2.96113726816e-08   
398354.0   3.0802746924e-08   
403323.0   2.30679187368e-08   
408354.0   2.02273495825e-08   
413447.0   2.02273495825e-08   
418604.0   4.22248523788e-08   
423825.0   1.77366490648e-08   
429112.0   1.95835392659e-08   
434464.0   1.59847046276e-08   
439884.0   1.28133860521e-08   
445370.0   7.43529381162e-09   
450926.0   9.68941029576e-09   
456550.0   8.722394194e-09   
462245.0   1.31441354733e-09   
468011.0   1.1225970918e-09   
473848.0   1.15249850428e-09   
479759.0   8.29747938506e-10   
485743.0   8.14621647634e-10   
491802.0   7.37182321879e-10   
497936.0   7.37182321879e-10   
504147.0   7.56821788102e-10   
510435.0   7.76981505085e-10   
516802.0   7.56821788102e-10   
523248.0   7.56821788102e-10   
529775.0   7.56821788102e-10   
536383.0   7.76981505085e-10   
543074.0   1.62201180969e-09   
549848.0   5.78284733241e-09   
556706.0   2.00153473974e-09   
563650.0   2.05486044273e-09   
570680.0   2.00153473974e-09   
577799.0   2.00153473974e-09   
585006.0   2.00153473974e-09   
592303.0   9.4097755118e-10   
599691.0   1.03929193871e-09   
607171.0   1.41209062768e-09   
614744.0   1.46970839945e-09   
622412.0   1.31441354733e-09   
630176.0   1.97539213901e-09   
638036.0   2.00153473974e-09   
645994.0   3.05868428583e-09   
654052.0   4.40379262805e-09   
662210.0   5.56798376818e-09   
670470.0   6.75051374763e-09   
678833.0   7.44973077023e-09   
687301.0   9.68941029576e-09   
695873.0   8.2757589158e-09   
704553.0   6.88486850662e-09   
713341.0   7.99066149884e-09   
722239.0   8.95468615873e-09   
731248.0   8.06102541425e-09   
740369.0   1.04294670031e-08   
749604.0   1.10826418334e-08   
758954.0   2.29365554197e-08   
768420.0   3.75920193533e-08   
778005.0   4.48755300055e-08   
787710.0   6.98384621388e-08   
797535.0   1.02047186744e-07   
807483.0   1.19255781287e-07   
817555.0   1.71734776162e-07   
827752.0   2.2959966704e-07   
838077.0   3.67947350623e-07   
848531.0   4.95421793304e-07   
859115.0   6.49806206592e-07   
869831.0   8.07923419088e-07   
880680.0   1.00262726634e-06   
891665.0   1.13845173374e-06   
902787.0   1.97721301667e-06   
914048.0   2.35582550789e-06   
925449.0   2.58460577999e-06   
936993.0   3.27901048305e-06   
948680.0   6.43303072081e-06   
960513.0   9.00189891528e-06   
972494.0   1.53695081029e-05   
984624.0   1.78289935749e-05   
996906.0   2.15721977993e-05   
1009340.0   2.57602164243e-05   
1021930.0   4.84093332986e-05   
1034677.0   0.000170954400021   
1047583.0   0.000356866009417   
1060650.0   0.000923731238457   
1073880.0   0.00118527430221   
1087274.0   0.00176937283771   
1100836.0   0.00210961683531   
1114567.0   0.00272221210624   
1128470.0   0.00386832453242   
1142545.0   0.00492937595921   
1156797.0   0.00714291288401   
1171226.0   0.0105258434565   
1185835.0   0.0148648648649   
1200626.0   0.0191127123273   
1215602.0   0.0244895039409   
1230765.0   0.0338592201441   
1246116.0   0.0452709205837   
1261659.0   0.0583253128008   
1277396.0   0.0816897744713   
1293330.0   0.114788127878   
1309462.0   0.156062221991   
1325795.0   0.207202871784   
1342332.0   0.296230783238   
1359076.0   0.39922742762   
1376028.0   0.493952084905   
1393191.0   0.613297609448   
1410569.0   0.710545482923   
1428163.0   0.775615846838   
1445977.0   0.854095674115   
1464014.0   0.948781312593   
1482275.0   0.948781312593   
1500763.0   0.729482610618   
1519483.0   0.768852586947   
1538436.0   0.810355591395   
1577054.0   0.831932991702   
1596725.0   0.831932991702   
1616642.0   0.900189891528   
1636806.0   0.948781312593   
1657223.0   1.0   
1677894.0   1.0   
1698823.0   0.748900970268   
1720013.0   0.623039304945   
1741467.0   0.614169029472   
1763189.0   0.497697890383   
1785181.0   0.358751918425   
1807449.0   0.28317248914   
1829993.0   0.223512733137   
1852819.0   0.175584631793   
1875930.0   0.141105012616   
1899329.0   0.126024243685   
1923020.0   0.103611840907   
1947007.0   0.0870210441433   
1971292.0   0.0785188460838   
1995881.0   0.0684884114143   
2020776.0   0.0621179408475   
2045982.0   0.0529654293369   
2071502.0   0.0480295502432   
2097340.0   0.0440379262805   
2123501.0   0.0386663371745   
2149988.0   0.0359688369794   
2176806.0   0.0311279036496   
2203958.0   0.0277280649273   
2231448.0   0.0256067424499   
2259282.0   0.0227076450849   
2287462.0   0.0211703040866   
2315995.0   0.0202624665089   
2344883.0   0.0187914574825   
2374131.0   0.0170954400021   
2403744.0   0.0151080820956   
2433727.0   0.0149116874333   
2464084.0   0.0134224696304   
2494819.0   0.0123586868871   
2525938.0   0.011167182582   
2557444.0   0.0104112582265   
2589344.0   0.00830060088963   
2621642.0   0.00788869234971   
2654342.0   0.00636279686809   
2687451.0   0.00563821762089   
2720972.0   0.00476159508883   
2754912.0   0.00390227089457   
2789274.0   0.00331113596754   
2824066.0   0.00284668210077   
2859291.0   0.00263077803501   
2894956.0   0.00221756886819   
2931066.0   0.00204952787243   
2967626.0   0.00158260281456   
3004642.0   0.00146697708295   
3042120.0   0.00132833025518   
3080065.0   0.00126024243685   
3118484.0   0.00117082433733   
3157381.0   0.0010763728117   
3196764.0   0.00109060167   
3236639.0   0.000968941029576   
3277010.0   0.00102123923731   
3317885.0   0.0010763728117   
3359270.0   0.000476523684416   
3401172.0   0.000476523684416   
3443595.0   0.000464154722576   
3802601.0   0.000166519262284   
3850032.0   0.000166519262284   
3898055.0   0.000170954400021   
3946676.0   0.000170954400021   
3995904.0   0.000588039435008   
4045746.0   0.00060369898291   
4096210.0   0.00060369898291   
4147303.0   0.00122754467653   
4199034.0   0.00122754467653   
4251410.0   0.00122754467653   
4304439.0   0.00119570532997   
4358130.0   0.0037024946024   
4412490.0   0.0037024946024   
4467528.0   0.0037024946024   
4523253.0   0.00836316104362   
4579673.0   0.00836316104362   
4636796.0   0.00836316104362   
4694633.0   0.0117698930885   
4753190.0   0.0117698930885   
4812478.0   0.0117698930885   
4872506.0   0.0117698930885   
4933282.0   0.0131896574149   
4994816.0   0.0137801420285   
5057118.0   0.0130752022475   
5120197.0   0.0130752022475   
5184063.0   0.0127356085633   
