#LAM   TRANS   
2241.000000   0   
2241.001001   0   
2242.002002   0   
2243.003003   0   
2244.004004   0   
2245.00500501   0   
2246.00600601   0   
2247.00700701   0   
2248.00800801   0   
2249.00900901   0   
2250.01001001   0   
2251.01101101   0   
2252.01201201   0   
2253.01301301   0   
2254.01401401   0   
2255.01501502   0   
2256.01601602   0   
2257.01701702   0   
2258.01801802   0   
2259.01901902   0   
2260.02002002   0   
2261.02102102   0   
2262.02202202   0   
2263.02302302   0   
2264.02402402   0   
2265.02502503   0   
2266.02602603   0   
2267.02702703   0   
2268.02802803   0   
2269.02902903   0   
2270.03003003   0   
2271.03103103   0   
2272.03203203   0   
2273.03303303   0   
2274.03403403   0   
2275.03503504   0   
2276.03603604   0   
2277.03703704   0   
2278.03803804   0   
2279.03903904   0   
2280.04004004   0   
2281.04104104   0   
2282.04204204   0   
2283.04304304   0   
2284.04404404   0   
2285.04504505   0   
2286.04604605   0   
2287.04704705   0   
2288.04804805   0   
2289.04904905   0   
2290.05005005   0   
2291.05105105   0   
2292.05205205   0   
2293.05305305   0   
2294.05405405   0   
2295.05505506   0   
2296.05605606   0   
2297.05705706   0   
2298.05805806   0   
2299.05905906   0   
2300.06006006   0   
2301.06106106   0   
2302.06206206   0   
2303.06306306   0   
2304.06406406   0   
2305.06506507   0   
2306.06606607   0   
2307.06706707   0   
2308.06806807   0   
2309.06906907   0   
2310.07007007   0   
2311.07107107   0   
2312.07207207   0   
2313.07307307   0   
2314.07407407   0   
2315.07507508   0   
2316.07607608   0   
2317.07707708   0   
2318.07807808   0   
2319.07907908   0   
2320.08008008   0   
2321.08108108   0   
2322.08208208   0   
2323.08308308   0   
2324.08408408   0   
2325.08508509   0   
2326.08608609   0   
2327.08708709   0   
2328.08808809   0   
2329.08908909   0   
2330.09009009   0   
2331.09109109   0   
2332.09209209   0   
2333.09309309   0   
2334.09409409   0   
2335.0950951   0   
2336.0960961   0   
2337.0970971   0   
2338.0980981   0   
2339.0990991   0   
2340.1001001   0   
2341.1011011   0   
2342.1021021   0   
2343.1031031   0   
2344.1041041   0   
2345.10510511   0   
2346.10610611   0   
2347.10710711   0   
2348.10810811   0   
2349.10910911   0   
2350.11011011   0   
2351.11111111   0   
2352.11211211   0   
2353.11311311   0   
2354.11411411   0   
2355.11511512   0   
2356.11611612   0   
2357.11711712   0   
2358.11811812   0   
2359.11911912   0   
2360.12012012   0   
2361.12112112   0   
2362.12212212   0   
2363.12312312   0   
2364.12412412   0   
2365.12512513   0   
2366.12612613   0   
2367.12712713   0   
2368.12812813   0   
2369.12912913   0   
2370.13013013   0   
2371.13113113   0   
2372.13213213   0   
2373.13313313   0   
2374.13413413   0   
2375.13513514   0   
2376.13613614   0   
2377.13713714   0   
2378.13813814   0   
2379.13913914   0   
2380.14014014   0   
2381.14114114   0   
2382.14214214   0   
2383.14314314   0   
2384.14414414   0   
2385.14514515   0   
2386.14614615   0   
2387.14714715   0   
2388.14814815   0   
2389.14914915   0   
2390.15015015   0   
2391.15115115   0   
2392.15215215   0   
2393.15315315   0   
2394.15415415   0   
2395.15515516   0   
2396.15615616   0   
2397.15715716   0   
2398.15815816   0   
2399.15915916   0   
2400.16016016   0   
2401.16116116   0   
2402.16216216   0   
2403.16316316   0   
2404.16416416   0   
2405.16516517   0   
2406.16616617   0   
2407.16716717   0   
2408.16816817   0   
2409.16916917   0   
2410.17017017   0   
2411.17117117   0   
2412.17217217   0   
2413.17317317   0   
2414.17417417   0   
2415.17517518   0   
2416.17617618   0   
2417.17717718   0   
2418.17817818   0   
2419.17917918   0   
2420.18018018   0   
2421.18118118   0   
2422.18218218   0   
2423.18318318   0   
2424.18418418   0   
2425.18518519   0   
2426.18618619   0   
2427.18718719   0   
2428.18818819   0   
2429.18918919   0   
2430.19019019   0   
2431.19119119   0   
2432.19219219   0   
2433.19319319   0   
2434.19419419   0   
2435.1951952   0   
2436.1961962   0   
2437.1971972   0   
2438.1981982   0   
2439.1991992   0   
2440.2002002   0   
2441.2012012   0   
2442.2022022   0   
2443.2032032   0   
2444.2042042   0   
2445.20520521   0   
2446.20620621   0   
2447.20720721   0   
2448.20820821   0   
2449.20920921   0   
2450.21021021   0   
2451.21121121   0   
2452.21221221   0   
2453.21321321   0   
2454.21421421   0   
2455.21521522   0   
2456.21621622   0   
2457.21721722   0   
2458.21821822   0   
2459.21921922   0   
2460.22022022   0   
2461.22122122   0   
2462.22222222   0   
2463.22322322   0   
2464.22422422   0   
2465.22522523   0   
2466.22622623   0   
2467.22722723   0   
2468.22822823   0   
2469.22922923   0   
2470.23023023   0   
2471.23123123   0   
2472.23223223   0   
2473.23323323   0   
2474.23423423   0   
2475.23523524   0   
2476.23623624   0   
2477.23723724   0   
2478.23823824   0   
2479.23923924   0   
2480.24024024   0   
2481.24124124   0   
2482.24224224   0   
2483.24324324   0   
2484.24424424   0   
2485.24524525   0   
2486.24624625   0   
2487.24724725   0   
2488.24824825   0   
2489.24924925   0   
2490.25025025   0   
2491.25125125   0   
2492.25225225   0   
2493.25325325   0   
2494.25425425   0   
2495.25525526   0   
2496.25625626   0   
2497.25725726   0   
2498.25825826   0   
2499.25925926   0   
2500.26026026   0   
2501.26126126   0   
2502.26226226   0   
2503.26326326   0   
2504.26426426   0   
2505.26526527   0   
2506.26626627   0   
2507.26726727   0   
2508.26826827   0   
2509.26926927   0   
2510.27027027   0   
2511.27127127   0   
2512.27227227   0   
2513.27327327   0   
2514.27427427   0   
2515.27527528   0   
2516.27627628   0   
2517.27727728   0   
2518.27827828   0   
2519.27927928   0   
2520.28028028   0   
2521.28128128   0   
2522.28228228   0   
2523.28328328   0   
2524.28428428   0   
2525.28528529   0   
2526.28628629   0   
2527.28728729   0   
2528.28828829   0   
2529.28928929   0   
2530.29029029   0   
2531.29129129   0   
2532.29229229   0   
2533.29329329   0   
2534.29429429   0   
2535.2952953   0   
2536.2962963   0   
2537.2972973   0   
2538.2982983   0   
2539.2992993   0   
2540.3003003   0   
2541.3013013   0   
2542.3023023   0   
2543.3033033   0   
2544.3043043   0   
2545.30530531   0   
2546.30630631   0   
2547.30730731   0   
2548.30830831   0   
2549.30930931   0   
2550.31031031   0   
2551.31131131   0   
2552.31231231   0   
2553.31331331   0   
2554.31431431   0   
2555.31531532   0   
2556.31631632   0   
2557.31731732   0   
2558.31831832   0   
2559.31931932   0   
2560.32032032   0   
2561.32132132   0   
2562.32232232   0   
2563.32332332   0   
2564.32432432   0   
2565.32532533   0   
2566.32632633   0   
2567.32732733   0   
2568.32832833   0   
2569.32932933   0   
2570.33033033   0   
2571.33133133   0   
2572.33233233   0   
2573.33333333   0   
2574.33433433   0   
2575.33533534   0   
2576.33633634   0   
2577.33733734   0   
2578.33833834   0   
2579.33933934   0   
2580.34034034   0   
2581.34134134   0   
2582.34234234   0   
2583.34334334   0   
2584.34434434   0   
2585.34534535   0   
2586.34634635   0   
2587.34734735   0   
2588.34834835   0   
2589.34934935   0   
2590.35035035   0   
2591.35135135   0   
2592.35235235   0   
2593.35335335   0   
2594.35435435   0   
2595.35535536   0   
2596.35635636   0   
2597.35735736   0   
2598.35835836   0   
2599.35935936   0   
2600.36036036   0   
2601.36136136   0   
2602.36236236   0   
2603.36336336   0   
2604.36436436   0   
2605.36536537   0   
2606.36636637   0   
2607.36736737   0   
2608.36836837   0   
2609.36936937   0   
2610.37037037   0   
2611.37137137   0   
2612.37237237   0   
2613.37337337   0   
2614.37437437   0   
2615.37537538   0   
2616.37637638   0   
2617.37737738   0   
2618.37837838   0   
2619.37937938   0   
2620.38038038   0   
2621.38138138   0   
2622.38238238   0   
2623.38338338   0   
2624.38438438   0   
2625.38538539   0   
2626.38638639   0   
2627.38738739   0   
2628.38838839   0   
2629.38938939   0   
2630.39039039   0   
2631.39139139   0   
2632.39239239   0   
2633.39339339   0   
2634.39439439   0   
2635.3953954   0   
2636.3963964   0   
2637.3973974   0   
2638.3983984   0   
2639.3993994   0   
2640.4004004   0   
2641.4014014   0   
2642.4024024   0   
2643.4034034   0   
2644.4044044   0   
2645.40540541   0   
2646.40640641   0   
2647.40740741   0   
2648.40840841   0   
2649.40940941   0   
2650.41041041   0   
2651.41141141   0   
2652.41241241   0   
2653.41341341   0   
2654.41441441   0   
2655.41541542   0   
2656.41641642   0   
2657.41741742   0   
2658.41841842   0   
2659.41941942   0   
2660.42042042   0   
2661.42142142   0   
2662.42242242   0   
2663.42342342   0   
2664.42442442   0   
2665.42542543   0   
2666.42642643   0   
2667.42742743   0   
2668.42842843   0   
2669.42942943   0   
2670.43043043   0   
2671.43143143   0   
2672.43243243   0   
2673.43343343   0   
2674.43443443   0   
2675.43543544   0   
2676.43643644   0   
2677.43743744   0   
2678.43843844   0   
2679.43943944   0   
2680.44044044   0   
2681.44144144   0   
2682.44244244   0   
2683.44344344   0   
2684.44444444   0   
2685.44544545   0   
2686.44644645   0   
2687.44744745   0   
2688.44844845   0   
2689.44944945   0   
2690.45045045   0   
2691.45145145   0   
2692.45245245   0   
2693.45345345   0   
2694.45445445   0   
2695.45545546   0   
2696.45645646   0   
2697.45745746   0   
2698.45845846   0   
2699.45945946   0   
2700.46046046   0   
2701.46146146   0   
2702.46246246   0   
2703.46346346   0   
2704.46446446   0   
2705.46546547   0   
2706.46646647   0   
2707.46746747   0   
2708.46846847   0   
2709.46946947   0   
2710.47047047   0   
2711.47147147   0   
2712.47247247   0   
2713.47347347   0   
2714.47447447   0   
2715.47547548   0   
2716.47647648   0   
2717.47747748   0   
2718.47847848   0   
2719.47947948   0   
2720.48048048   0   
2721.48148148   0   
2722.48248248   0   
2723.48348348   0   
2724.48448448   0   
2725.48548549   1   
2726.48648649   1   
2727.48748749   1   
2728.48848849   1   
2729.48948949   1   
2730.49049049   1   
2731.49149149   1   
2732.49249249   1   
2733.49349349   1   
2734.49449449   1   
2735.4954955   1   
2736.4964965   1   
2737.4974975   1   
2738.4984985   1   
2739.4994995   1   
2740.5005005   1   
2741.5015015   1   
2742.5025025   1   
2743.5035035   1   
2744.5045045   1   
2745.50550551   1   
2746.50650651   1   
2747.50750751   1   
2748.50850851   1   
2749.50950951   1   
2750.51051051   1   
2751.51151151   1   
2752.51251251   1   
2753.51351351   1   
2754.51451451   1   
2755.51551552   0   
2756.51651652   0   
2757.51751752   0   
2758.51851852   0   
2759.51951952   0   
2760.52052052   0   
2761.52152152   0   
2762.52252252   0   
2763.52352352   0   
2764.52452452   0   
2765.52552553   0   
2766.52652653   0   
2767.52752753   0   
2768.52852853   0   
2769.52952953   0   
2770.53053053   0   
2771.53153153   0   
2772.53253253   0   
2773.53353353   0   
2774.53453453   0   
2775.53553554   0   
2776.53653654   0   
2777.53753754   0   
2778.53853854   0   
2779.53953954   0   
2780.54054054   0   
2781.54154154   0   
2782.54254254   0   
2783.54354354   0   
2784.54454454   0   
2785.54554555   0   
2786.54654655   0   
2787.54754755   0   
2788.54854855   0   
2789.54954955   0   
2790.55055055   0   
2791.55155155   0   
2792.55255255   0   
2793.55355355   0   
2794.55455455   0   
2795.55555556   0   
2796.55655656   0   
2797.55755756   0   
2798.55855856   0   
2799.55955956   0   
2800.56056056   0   
2801.56156156   0   
2802.56256256   0   
2803.56356356   0   
2804.56456456   0   
2805.56556557   0   
2806.56656657   0   
2807.56756757   0   
2808.56856857   0   
2809.56956957   0   
2810.57057057   0   
2811.57157157   0   
2812.57257257   0   
2813.57357357   0   
2814.57457457   0   
2815.57557558   0   
2816.57657658   0   
2817.57757758   0   
2818.57857858   0   
2819.57957958   0   
2820.58058058   0   
2821.58158158   0   
2822.58258258   0   
2823.58358358   0   
2824.58458458   0   
2825.58558559   0   
2826.58658659   0   
2827.58758759   0   
2828.58858859   0   
2829.58958959   0   
2830.59059059   0   
2831.59159159   0   
2832.59259259   0   
2833.59359359   0   
2834.59459459   0   
2835.5955956   0   
2836.5965966   0   
2837.5975976   0   
2838.5985986   0   
2839.5995996   0   
2840.6006006   0   
2841.6016016   0   
2842.6026026   0   
2843.6036036   0   
2844.6046046   0   
2845.60560561   0   
2846.60660661   0   
2847.60760761   0   
2848.60860861   0   
2849.60960961   0   
2850.61061061   0   
2851.61161161   0   
2852.61261261   0   
2853.61361361   0   
2854.61461461   0   
2855.61561562   0   
2856.61661662   0   
2857.61761762   0   
2858.61861862   0   
2859.61961962   0   
2860.62062062   0   
2861.62162162   0   
2862.62262262   0   
2863.62362362   0   
2864.62462462   0   
2865.62562563   0   
2866.62662663   0   
2867.62762763   0   
2868.62862863   0   
2869.62962963   0   
2870.63063063   0   
2871.63163163   0   
2872.63263263   0   
2873.63363363   0   
2874.63463463   0   
2875.63563564   0   
2876.63663664   0   
2877.63763764   0   
2878.63863864   0   
2879.63963964   0   
2880.64064064   0   
2881.64164164   0   
2882.64264264   0   
2883.64364364   0   
2884.64464464   0   
2885.64564565   0   
2886.64664665   0   
2887.64764765   0   
2888.64864865   0   
2889.64964965   0   
2890.65065065   0   
2891.65165165   0   
2892.65265265   0   
2893.65365365   0   
2894.65465465   0   
2895.65565566   0   
2896.65665666   0   
2897.65765766   0   
2898.65865866   0   
2899.65965966   0   
2900.66066066   0   
2901.66166166   0   
2902.66266266   0   
2903.66366366   0   
2904.66466466   0   
2905.66566567   0   
2906.66666667   0   
2907.66766767   0   
2908.66866867   0   
2909.66966967   0   
2910.67067067   0   
2911.67167167   0   
2912.67267267   0   
2913.67367367   0   
2914.67467467   0   
2915.67567568   0   
2916.67667668   0   
2917.67767768   0   
2918.67867868   0   
2919.67967968   0   
2920.68068068   0   
2921.68168168   0   
2922.68268268   0   
2923.68368368   0   
2924.68468468   0   
2925.68568569   0   
2926.68668669   0   
2927.68768769   0   
2928.68868869   0   
2929.68968969   0   
2930.69069069   0   
2931.69169169   0   
2932.69269269   0   
2933.69369369   0   
2934.69469469   0   
2935.6956957   0   
2936.6966967   0   
2937.6976977   0   
2938.6986987   0   
2939.6996997   0   
2940.7007007   0   
2941.7017017   0   
2942.7027027   0   
2943.7037037   0   
2944.7047047   0   
2945.70570571   0   
2946.70670671   0   
2947.70770771   0   
2948.70870871   0   
2949.70970971   0   
2950.71071071   0   
2951.71171171   0   
2952.71271271   0   
2953.71371371   0   
2954.71471471   0   
2955.71571572   0   
2956.71671672   0   
2957.71771772   0   
2958.71871872   0   
2959.71971972   0   
2960.72072072   0   
2961.72172172   0   
2962.72272272   0   
2963.72372372   0   
2964.72472472   0   
2965.72572573   0   
2966.72672673   0   
2967.72772773   0   
2968.72872873   0   
2969.72972973   0   
2970.73073073   0   
2971.73173173   0   
2972.73273273   0   
2973.73373373   0   
2974.73473473   0   
2975.73573574   0   
2976.73673674   0   
2977.73773774   0   
2978.73873874   0   
2979.73973974   0   
2980.74074074   0   
2981.74174174   0   
2982.74274274   0   
2983.74374374   0   
2984.74474474   0   
2985.74574575   0   
2986.74674675   0   
2987.74774775   0   
2988.74874875   0   
2989.74974975   0   
2990.75075075   0   
2991.75175175   0   
2992.75275275   0   
2993.75375375   0   
2994.75475475   0   
2995.75575576   0   
2996.75675676   0   
2997.75775776   0   
2998.75875876   0   
2999.75975976   0   
3000.76076076   0   
3001.76176176   0   
3002.76276276   0   
3003.76376376   0   
3004.76476476   0   
3005.76576577   0   
3006.76676677   0   
3007.76776777   0   
3008.76876877   0   
3009.76976977   0   
3010.77077077   0   
3011.77177177   0   
3012.77277277   0   
3013.77377377   0   
3014.77477477   0   
3015.77577578   0   
3016.77677678   0   
3017.77777778   0   
3018.77877878   0   
3019.77977978   0   
3020.78078078   0   
3021.78178178   0   
3022.78278278   0   
3023.78378378   0   
3024.78478478   0   
3025.78578579   0   
3026.78678679   0   
3027.78778779   0   
3028.78878879   0   
3029.78978979   0   
3030.79079079   0   
3031.79179179   0   
3032.79279279   0   
3033.79379379   0   
3034.79479479   0   
3035.7957958   0   
3036.7967968   0   
3037.7977978   0   
3038.7987988   0   
3039.7997998   0   
3040.8008008   0   
3041.8018018   0   
3042.8028028   0   
3043.8038038   0   
3044.8048048   0   
3045.80580581   0   
3046.80680681   0   
3047.80780781   0   
3048.80880881   0   
3049.80980981   0   
3050.81081081   0   
3051.81181181   0   
3052.81281281   0   
3053.81381381   0   
3054.81481481   0   
3055.81581582   0   
3056.81681682   0   
3057.81781782   0   
3058.81881882   0   
3059.81981982   0   
3060.82082082   0   
3061.82182182   0   
3062.82282282   0   
3063.82382382   0   
3064.82482482   0   
3065.82582583   0   
3066.82682683   0   
3067.82782783   0   
3068.82882883   0   
3069.82982983   0   
3070.83083083   0   
3071.83183183   0   
3072.83283283   0   
3073.83383383   0   
3074.83483483   0   
3075.83583584   0   
3076.83683684   0   
3077.83783784   0   
3078.83883884   0   
3079.83983984   0   
3080.84084084   0   
3081.84184184   0   
3082.84284284   0   
3083.84384384   0   
3084.84484484   0   
3085.84584585   0   
3086.84684685   0   
3087.84784785   0   
3088.84884885   0   
3089.84984985   0   
3090.85085085   0   
3091.85185185   0   
3092.85285285   0   
3093.85385385   0   
3094.85485485   0   
3095.85585586   0   
3096.85685686   0   
3097.85785786   0   
3098.85885886   0   
3099.85985986   0   
3100.86086086   0   
3101.86186186   0   
3102.86286286   0   
3103.86386386   0   
3104.86486486   0   
3105.86586587   0   
3106.86686687   0   
3107.86786787   0   
3108.86886887   0   
3109.86986987   0   
3110.87087087   0   
3111.87187187   0   
3112.87287287   0   
3113.87387387   0   
3114.87487487   0   
3115.87587588   0   
3116.87687688   0   
3117.87787788   0   
3118.87887888   0   
3119.87987988   0   
3120.88088088   0   
3121.88188188   0   
3122.88288288   0   
3123.88388388   0   
3124.88488488   0   
3125.88588589   0   
3126.88688689   0   
3127.88788789   0   
3128.88888889   0   
3129.88988989   0   
3130.89089089   0   
3131.89189189   0   
3132.89289289   0   
3133.89389389   0   
3134.89489489   0   
3135.8958959   0   
3136.8968969   0   
3137.8978979   0   
3138.8988989   0   
3139.8998999   0   
3140.9009009   0   
3141.9019019   0   
3142.9029029   0   
3143.9039039   0   
3144.9049049   0   
3145.90590591   0   
3146.90690691   0   
3147.90790791   0   
3148.90890891   0   
3149.90990991   0   
3150.91091091   0   
3151.91191191   0   
3152.91291291   0   
3153.91391391   0   
3154.91491491   0   
3155.91591592   0   
3156.91691692   0   
3157.91791792   0   
3158.91891892   0   
3159.91991992   0   
3160.92092092   0   
3161.92192192   0   
3162.92292292   0   
3163.92392392   0   
3164.92492492   0   
3165.92592593   0   
3166.92692693   0   
3167.92792793   0   
3168.92892893   0   
3169.92992993   0   
3170.93093093   0   
3171.93193193   0   
3172.93293293   0   
3173.93393393   0   
3174.93493493   0   
3175.93593594   0   
3176.93693694   0   
3177.93793794   0   
3178.93893894   0   
3179.93993994   0   
3180.94094094   0   
3181.94194194   0   
3182.94294294   0   
3183.94394394   0   
3184.94494494   0   
3185.94594595   0   
3186.94694695   0   
3187.94794795   0   
3188.94894895   0   
3189.94994995   0   
3190.95095095   0   
3191.95195195   0   
3192.95295295   0   
3193.95395395   0   
3194.95495495   0   
3195.95595596   0   
3196.95695696   0   
3197.95795796   0   
3198.95895896   0   
3199.95995996   0   
3200.96096096   0   
3201.96196196   0   
3202.96296296   0   
3203.96396396   0   
3204.96496496   0   
3205.96596597   0   
3206.96696697   0   
3207.96796797   0   
3208.96896897   0   
3209.96996997   0   
3210.97097097   0   
3211.97197197   0   
3212.97297297   0   
3213.97397397   0   
3214.97497497   0   
3215.97597598   0   
3216.97697698   0   
3217.97797798   0   
3218.97897898   0   
3219.97997998   0   
3220.98098098   0   
3221.98198198   0   
3222.98298298   0   
3223.98398398   0   
3224.98498498   0   
3225.98598599   0   
3226.98698699   0   
3227.98798799   0   
3228.98898899   0   
3229.98998999   0   
3230.99099099   0   
3231.99199199   0   
3232.99299299   0   
3233.99399399   0   
3234.99499499   0   
3235.995996   0   
3236.996997   0   
3237.997998   0   
3238.998999   0   
3239.0   0   
