#LAM   TRANS   
1066.0   0   
1066.001001   0   
1067.002002   0   
1068.003003   0   
1069.004004   0   
1070.00500501   0   
1071.00600601   0   
1072.00700701   0   
1073.00800801   0   
1074.00900901   0   
1075.01001001   0   
1076.01101101   0   
1077.01201201   0   
1078.01301301   0   
1079.01401401   0   
1080.01501502   0   
1081.01601602   0   
1082.01701702   0   
1083.01801802   0   
1084.01901902   0   
1085.02002002   0   
1086.02102102   0   
1087.02202202   0   
1088.02302302   0   
1089.02402402   0   
1090.02502503   0   
1091.02602603   0   
1092.02702703   0   
1093.02802803   0   
1094.02902903   0   
1095.03003003   0   
1096.03103103   0   
1097.03203203   0   
1098.03303303   0   
1099.03403403   0   
1100.03503504   0   
1101.03603604   0   
1102.03703704   0   
1103.03803804   0   
1104.03903904   0   
1105.04004004   0   
1106.04104104   0   
1107.04204204   0   
1108.04304304   0   
1109.04404404   0   
1110.04504505   0   
1111.04604605   0   
1112.04704705   0   
1113.04804805   0   
1114.04904905   0   
1115.05005005   0   
1116.05105105   0   
1117.05205205   0   
1118.05305305   0   
1119.05405405   0   
1120.05505506   0   
1121.05605606   0   
1122.05705706   0   
1123.05805806   0   
1124.05905906   0   
1125.06006006   0   
1126.06106106   0   
1127.06206206   0   
1128.06306306   0   
1129.06406406   0   
1130.06506507   0   
1131.06606607   0   
1132.06706707   0   
1133.06806807   0   
1134.06906907   0   
1135.07007007   0   
1136.07107107   0   
1137.07207207   0   
1138.07307307   0   
1139.07407407   0   
1140.07507508   0   
1141.07607608   0   
1142.07707708   0   
1143.07807808   0   
1144.07907908   0   
1145.08008008   0   
1146.08108108   0   
1147.08208208   0   
1148.08308308   0   
1149.08408408   0   
1150.08508509   0   
1151.08608609   0   
1152.08708709   0   
1153.08808809   0   
1154.08908909   0   
1155.09009009   0   
1156.09109109   0   
1157.09209209   0   
1158.09309309   0   
1159.09409409   0   
1160.0950951   0   
1161.0960961   0   
1162.0970971   0   
1163.0980981   0   
1164.0990991   0   
1165.1001001   0   
1166.1011011   0   
1167.1021021   0   
1168.1031031   0   
1169.1041041   0   
1170.10510511   0   
1171.10610611   0   
1172.10710711   0   
1173.10810811   0   
1174.10910911   0   
1175.11011011   0   
1176.11111111   0   
1177.11211211   0   
1178.11311311   0   
1179.11411411   0   
1180.11511512   0   
1181.11611612   0   
1182.11711712   0   
1183.11811812   0   
1184.11911912   0   
1185.12012012   0   
1186.12112112   0   
1187.12212212   0   
1188.12312312   0   
1189.12412412   0   
1190.12512513   0   
1191.12612613   0   
1192.12712713   0   
1193.12812813   0   
1194.12912913   0   
1195.13013013   0   
1196.13113113   0   
1197.13213213   0   
1198.13313313   0   
1199.13413413   0   
1200.13513514   0   
1201.13613614   0   
1202.13713714   0   
1203.13813814   0   
1204.13913914   0   
1205.14014014   0   
1206.14114114   0   
1207.14214214   0   
1208.14314314   0   
1209.14414414   0   
1210.14514515   0   
1211.14614615   0   
1212.14714715   0   
1213.14814815   0   
1214.14914915   0   
1215.15015015   0   
1216.15115115   0   
1217.15215215   0   
1218.15315315   0   
1219.15415415   0   
1220.15515516   0   
1221.15615616   0   
1222.15715716   0   
1223.15815816   0   
1224.15915916   0   
1225.16016016   0   
1226.16116116   0   
1227.16216216   0   
1228.16316316   0   
1229.16416416   0   
1230.16516517   0   
1231.16616617   0   
1232.16716717   0   
1233.16816817   0   
1234.16916917   0   
1235.17017017   0   
1236.17117117   0   
1237.17217217   0   
1238.17317317   0   
1239.17417417   0   
1240.17517518   0   
1241.17617618   0   
1242.17717718   0   
1243.17817818   0   
1244.17917918   0   
1245.18018018   0   
1246.18118118   0   
1247.18218218   0   
1248.18318318   0   
1249.18418418   0   
1250.18518519   0   
1251.18618619   0   
1252.18718719   0   
1253.18818819   0   
1254.18918919   0   
1255.19019019   0   
1256.19119119   0   
1257.19219219   0   
1258.19319319   0   
1259.19419419   0   
1260.1951952   0   
1261.1961962   0   
1262.1971972   0   
1263.1981982   0   
1264.1991992   0   
1265.2002002   0   
1266.2012012   0   
1267.2022022   0   
1268.2032032   0   
1269.2042042   0   
1270.20520521   0   
1271.20620621   0   
1272.20720721   0   
1273.20820821   0   
1274.20920921   0   
1275.21021021   0   
1276.21121121   0   
1277.21221221   0   
1278.21321321   0   
1279.21421421   0   
1280.21521522   0   
1281.21621622   0   
1282.21721722   0   
1283.21821822   0   
1284.21921922   0   
1285.22022022   0   
1286.22122122   0   
1287.22222222   0   
1288.22322322   0   
1289.22422422   0   
1290.22522523   0   
1291.22622623   0   
1292.22722723   0   
1293.22822823   0   
1294.22922923   0   
1295.23023023   0   
1296.23123123   0   
1297.23223223   0   
1298.23323323   0   
1299.23423423   0   
1300.23523524   0   
1301.23623624   0   
1302.23723724   0   
1303.23823824   0   
1304.23923924   0   
1305.24024024   0   
1306.24124124   0   
1307.24224224   0   
1308.24324324   0   
1309.24424424   0   
1310.24524525   0   
1311.24624625   0   
1312.24724725   0   
1313.24824825   0   
1314.24924925   0   
1315.25025025   0   
1316.25125125   0   
1317.25225225   0   
1318.25325325   0   
1319.25425425   0   
1320.25525526   0   
1321.25625626   0   
1322.25725726   0   
1323.25825826   0   
1324.25925926   0   
1325.26026026   0   
1326.26126126   0   
1327.26226226   0   
1328.26326326   0   
1329.26426426   0   
1330.26526527   0   
1331.26626627   0   
1332.26726727   0   
1333.26826827   0   
1334.26926927   0   
1335.27027027   0   
1336.27127127   0   
1337.27227227   0   
1338.27327327   0   
1339.27427427   0   
1340.27527528   0   
1341.27627628   0   
1342.27727728   0   
1343.27827828   0   
1344.27927928   0   
1345.28028028   0   
1346.28128128   0   
1347.28228228   0   
1348.28328328   0   
1349.28428428   0   
1350.28528529   0   
1351.28628629   0   
1352.28728729   0   
1353.28828829   0   
1354.28928929   0   
1355.29029029   0   
1356.29129129   0   
1357.29229229   0   
1358.29329329   0   
1359.29429429   0   
1360.2952953   0   
1361.2962963   0   
1362.2972973   0   
1363.2982983   0   
1364.2992993   0   
1365.3003003   0   
1366.3013013   0   
1367.3023023   0   
1368.3033033   0   
1369.3043043   0   
1370.30530531   0   
1371.30630631   0   
1372.30730731   0   
1373.30830831   0   
1374.30930931   0   
1375.31031031   0   
1376.31131131   0   
1377.31231231   0   
1378.31331331   0   
1379.31431431   0   
1380.31531532   0   
1381.31631632   0   
1382.31731732   0   
1383.31831832   0   
1384.31931932   0   
1385.32032032   0   
1386.32132132   0   
1387.32232232   0   
1388.32332332   0   
1389.32432432   0   
1390.32532533   0   
1391.32632633   0   
1392.32732733   0   
1393.32832833   0   
1394.32932933   0   
1395.33033033   0   
1396.33133133   0   
1397.33233233   0   
1398.33333333   0   
1399.33433433   0   
1400.33533534   0   
1401.33633634   0   
1402.33733734   0   
1403.33833834   0   
1404.33933934   0   
1405.34034034   0   
1406.34134134   0   
1407.34234234   0   
1408.34334334   0   
1409.34434434   0   
1410.34534535   0   
1411.34634635   0   
1412.34734735   0   
1413.34834835   0   
1414.34934935   0   
1415.35035035   0   
1416.35135135   0   
1417.35235235   0   
1418.35335335   0   
1419.35435435   0   
1420.35535536   0   
1421.35635636   0   
1422.35735736   0   
1423.35835836   0   
1424.35935936   0   
1425.36036036   0   
1426.36136136   0   
1427.36236236   0   
1428.36336336   0   
1429.36436436   0   
1430.36536537   0   
1431.36636637   0   
1432.36736737   0   
1433.36836837   0   
1434.36936937   0   
1435.37037037   0   
1436.37137137   0   
1437.37237237   0   
1438.37337337   0   
1439.37437437   0   
1440.37537538   0   
1441.37637638   0   
1442.37737738   0   
1443.37837838   0   
1444.37937938   0   
1445.38038038   0   
1446.38138138   0   
1447.38238238   0   
1448.38338338   0   
1449.38438438   0   
1450.38538539   0   
1451.38638639   0   
1452.38738739   0   
1453.38838839   0   
1454.38938939   0   
1455.39039039   0   
1456.39139139   0   
1457.39239239   0   
1458.39339339   0   
1459.39439439   0   
1460.3953954   0   
1461.3963964   0   
1462.3973974   0   
1463.3983984   0   
1464.3993994   0   
1465.4004004   0   
1466.4014014   0   
1467.4024024   0   
1468.4034034   0   
1469.4044044   0   
1470.40540541   0   
1471.40640641   0   
1472.40740741   0   
1473.40840841   0   
1474.40940941   0   
1475.41041041   0   
1476.41141141   0   
1477.41241241   0   
1478.41341341   0   
1479.41441441   0   
1480.41541542   0   
1481.41641642   0   
1482.41741742   0   
1483.41841842   0   
1484.41941942   0   
1485.42042042   0   
1486.42142142   0   
1487.42242242   0   
1488.42342342   0   
1489.42442442   0   
1490.42542543   0   
1491.42642643   0   
1492.42742743   0   
1493.42842843   0   
1494.42942943   0   
1495.43043043   0   
1496.43143143   0   
1497.43243243   0   
1498.43343343   0   
1499.43443443   0   
1500.43543544   0   
1501.43643644   0   
1502.43743744   0   
1503.43843844   0   
1504.43943944   0   
1505.44044044   0   
1506.44144144   0   
1507.44244244   0   
1508.44344344   0   
1509.44444444   0   
1510.44544545   0   
1511.44644645   0   
1512.44744745   0   
1513.44844845   0   
1514.44944945   0   
1515.45045045   0   
1516.45145145   0   
1517.45245245   0   
1518.45345345   0   
1519.45445445   0   
1520.45545546   0   
1521.45645646   0   
1522.45745746   0   
1523.45845846   0   
1524.45945946   0   
1525.46046046   0   
1526.46146146   0   
1527.46246246   0   
1528.46346346   0   
1529.46446446   0   
1530.46546547   0   
1531.46646647   0   
1532.46746747   0   
1533.46846847   0   
1534.46946947   0   
1535.47047047   0   
1536.47147147   0   
1537.47247247   0   
1538.47347347   0   
1539.47447447   0   
1540.47547548   0   
1541.47647648   0   
1542.47747748   0   
1543.47847848   0   
1544.47947948   0   
1545.48048048   0   
1546.48148148   0   
1547.48248248   0   
1548.48348348   0   
1549.48448448   1   
1550.48548549   1   
1551.48648649   1   
1552.48748749   1   
1553.48848849   1   
1554.48948949   1   
1555.49049049   1   
1556.49149149   1   
1557.49249249   1   
1558.49349349   1   
1559.49449449   1   
1560.4954955   1   
1561.4964965   1   
1562.4974975   1   
1563.4984985   1   
1564.4994995   1   
1565.5005005   1   
1566.5015015   1   
1567.5025025   1   
1568.5035035   1   
1569.5045045   1   
1570.50550551   1   
1571.50650651   1   
1572.50750751   1   
1573.50850851   1   
1574.50950951   1   
1575.51051051   1   
1576.51151151   1   
1577.51251251   1   
1578.51351351   1   
1579.51451451   1   
1580.51551552   1   
1581.51651652   0   
1582.51751752   0   
1583.51851852   0   
1584.51951952   0   
1585.52052052   0   
1586.52152152   0   
1587.52252252   0   
1588.52352352   0   
1589.52452452   0   
1590.52552553   0   
1591.52652653   0   
1592.52752753   0   
1593.52852853   0   
1594.52952953   0   
1595.53053053   0   
1596.53153153   0   
1597.53253253   0   
1598.53353353   0   
1599.53453453   0   
1600.53553554   0   
1601.53653654   0   
1602.53753754   0   
1603.53853854   0   
1604.53953954   0   
1605.54054054   0   
1606.54154154   0   
1607.54254254   0   
1608.54354354   0   
1609.54454454   0   
1610.54554555   0   
1611.54654655   0   
1612.54754755   0   
1613.54854855   0   
1614.54954955   0   
1615.55055055   0   
1616.55155155   0   
1617.55255255   0   
1618.55355355   0   
1619.55455455   0   
1620.55555556   0   
1621.55655656   0   
1622.55755756   0   
1623.55855856   0   
1624.55955956   0   
1625.56056056   0   
1626.56156156   0   
1627.56256256   0   
1628.56356356   0   
1629.56456456   0   
1630.56556557   0   
1631.56656657   0   
1632.56756757   0   
1633.56856857   0   
1634.56956957   0   
1635.57057057   0   
1636.57157157   0   
1637.57257257   0   
1638.57357357   0   
1639.57457457   0   
1640.57557558   0   
1641.57657658   0   
1642.57757758   0   
1643.57857858   0   
1644.57957958   0   
1645.58058058   0   
1646.58158158   0   
1647.58258258   0   
1648.58358358   0   
1649.58458458   0   
1650.58558559   0   
1651.58658659   0   
1652.58758759   0   
1653.58858859   0   
1654.58958959   0   
1655.59059059   0   
1656.59159159   0   
1657.59259259   0   
1658.59359359   0   
1659.59459459   0   
1660.5955956   0   
1661.5965966   0   
1662.5975976   0   
1663.5985986   0   
1664.5995996   0   
1665.6006006   0   
1666.6016016   0   
1667.6026026   0   
1668.6036036   0   
1669.6046046   0   
1670.60560561   0   
1671.60660661   0   
1672.60760761   0   
1673.60860861   0   
1674.60960961   0   
1675.61061061   0   
1676.61161161   0   
1677.61261261   0   
1678.61361361   0   
1679.61461461   0   
1680.61561562   0   
1681.61661662   0   
1682.61761762   0   
1683.61861862   0   
1684.61961962   0   
1685.62062062   0   
1686.62162162   0   
1687.62262262   0   
1688.62362362   0   
1689.62462462   0   
1690.62562563   0   
1691.62662663   0   
1692.62762763   0   
1693.62862863   0   
1694.62962963   0   
1695.63063063   0   
1696.63163163   0   
1697.63263263   0   
1698.63363363   0   
1699.63463463   0   
1700.63563564   0   
1701.63663664   0   
1702.63763764   0   
1703.63863864   0   
1704.63963964   0   
1705.64064064   0   
1706.64164164   0   
1707.64264264   0   
1708.64364364   0   
1709.64464464   0   
1710.64564565   0   
1711.64664665   0   
1712.64764765   0   
1713.64864865   0   
1714.64964965   0   
1715.65065065   0   
1716.65165165   0   
1717.65265265   0   
1718.65365365   0   
1719.65465465   0   
1720.65565566   0   
1721.65665666   0   
1722.65765766   0   
1723.65865866   0   
1724.65965966   0   
1725.66066066   0   
1726.66166166   0   
1727.66266266   0   
1728.66366366   0   
1729.66466466   0   
1730.66566567   0   
1731.66666667   0   
1732.66766767   0   
1733.66866867   0   
1734.66966967   0   
1735.67067067   0   
1736.67167167   0   
1737.67267267   0   
1738.67367367   0   
1739.67467467   0   
1740.67567568   0   
1741.67667668   0   
1742.67767768   0   
1743.67867868   0   
1744.67967968   0   
1745.68068068   0   
1746.68168168   0   
1747.68268268   0   
1748.68368368   0   
1749.68468468   0   
1750.68568569   0   
1751.68668669   0   
1752.68768769   0   
1753.68868869   0   
1754.68968969   0   
1755.69069069   0   
1756.69169169   0   
1757.69269269   0   
1758.69369369   0   
1759.69469469   0   
1760.6956957   0   
1761.6966967   0   
1762.6976977   0   
1763.6986987   0   
1764.6996997   0   
1765.7007007   0   
1766.7017017   0   
1767.7027027   0   
1768.7037037   0   
1769.7047047   0   
1770.70570571   0   
1771.70670671   0   
1772.70770771   0   
1773.70870871   0   
1774.70970971   0   
1775.71071071   0   
1776.71171171   0   
1777.71271271   0   
1778.71371371   0   
1779.71471471   0   
1780.71571572   0   
1781.71671672   0   
1782.71771772   0   
1783.71871872   0   
1784.71971972   0   
1785.72072072   0   
1786.72172172   0   
1787.72272272   0   
1788.72372372   0   
1789.72472472   0   
1790.72572573   0   
1791.72672673   0   
1792.72772773   0   
1793.72872873   0   
1794.72972973   0   
1795.73073073   0   
1796.73173173   0   
1797.73273273   0   
1798.73373373   0   
1799.73473473   0   
1800.73573574   0   
1801.73673674   0   
1802.73773774   0   
1803.73873874   0   
1804.73973974   0   
1805.74074074   0   
1806.74174174   0   
1807.74274274   0   
1808.74374374   0   
1809.74474474   0   
1810.74574575   0   
1811.74674675   0   
1812.74774775   0   
1813.74874875   0   
1814.74974975   0   
1815.75075075   0   
1816.75175175   0   
1817.75275275   0   
1818.75375375   0   
1819.75475475   0   
1820.75575576   0   
1821.75675676   0   
1822.75775776   0   
1823.75875876   0   
1824.75975976   0   
1825.76076076   0   
1826.76176176   0   
1827.76276276   0   
1828.76376376   0   
1829.76476476   0   
1830.76576577   0   
1831.76676677   0   
1832.76776777   0   
1833.76876877   0   
1834.76976977   0   
1835.77077077   0   
1836.77177177   0   
1837.77277277   0   
1838.77377377   0   
1839.77477477   0   
1840.77577578   0   
1841.77677678   0   
1842.77777778   0   
1843.77877878   0   
1844.77977978   0   
1845.78078078   0   
1846.78178178   0   
1847.78278278   0   
1848.78378378   0   
1849.78478478   0   
1850.78578579   0   
1851.78678679   0   
1852.78778779   0   
1853.78878879   0   
1854.78978979   0   
1855.79079079   0   
1856.79179179   0   
1857.79279279   0   
1858.79379379   0   
1859.79479479   0   
1860.7957958   0   
1861.7967968   0   
1862.7977978   0   
1863.7987988   0   
1864.7997998   0   
1865.8008008   0   
1866.8018018   0   
1867.8028028   0   
1868.8038038   0   
1869.8048048   0   
1870.80580581   0   
1871.80680681   0   
1872.80780781   0   
1873.80880881   0   
1874.80980981   0   
1875.81081081   0   
1876.81181181   0   
1877.81281281   0   
1878.81381381   0   
1879.81481481   0   
1880.81581582   0   
1881.81681682   0   
1882.81781782   0   
1883.81881882   0   
1884.81981982   0   
1885.82082082   0   
1886.82182182   0   
1887.82282282   0   
1888.82382382   0   
1889.82482482   0   
1890.82582583   0   
1891.82682683   0   
1892.82782783   0   
1893.82882883   0   
1894.82982983   0   
1895.83083083   0   
1896.83183183   0   
1897.83283283   0   
1898.83383383   0   
1899.83483483   0   
1900.83583584   0   
1901.83683684   0   
1902.83783784   0   
1903.83883884   0   
1904.83983984   0   
1905.84084084   0   
1906.84184184   0   
1907.84284284   0   
1908.84384384   0   
1909.84484484   0   
1910.84584585   0   
1911.84684685   0   
1912.84784785   0   
1913.84884885   0   
1914.84984985   0   
1915.85085085   0   
1916.85185185   0   
1917.85285285   0   
1918.85385385   0   
1919.85485485   0   
1920.85585586   0   
1921.85685686   0   
1922.85785786   0   
1923.85885886   0   
1924.85985986   0   
1925.86086086   0   
1926.86186186   0   
1927.86286286   0   
1928.86386386   0   
1929.86486486   0   
1930.86586587   0   
1931.86686687   0   
1932.86786787   0   
1933.86886887   0   
1934.86986987   0   
1935.87087087   0   
1936.87187187   0   
1937.87287287   0   
1938.87387387   0   
1939.87487487   0   
1940.87587588   0   
1941.87687688   0   
1942.87787788   0   
1943.87887888   0   
1944.87987988   0   
1945.88088088   0   
1946.88188188   0   
1947.88288288   0   
1948.88388388   0   
1949.88488488   0   
1950.88588589   0   
1951.88688689   0   
1952.88788789   0   
1953.88888889   0   
1954.88988989   0   
1955.89089089   0   
1956.89189189   0   
1957.89289289   0   
1958.89389389   0   
1959.89489489   0   
1960.8958959   0   
1961.8968969   0   
1962.8978979   0   
1963.8988989   0   
1964.8998999   0   
1965.9009009   0   
1966.9019019   0   
1967.9029029   0   
1968.9039039   0   
1969.9049049   0   
1970.90590591   0   
1971.90690691   0   
1972.90790791   0   
1973.90890891   0   
1974.90990991   0   
1975.91091091   0   
1976.91191191   0   
1977.91291291   0   
1978.91391391   0   
1979.91491491   0   
1980.91591592   0   
1981.91691692   0   
1982.91791792   0   
1983.91891892   0   
1984.91991992   0   
1985.92092092   0   
1986.92192192   0   
1987.92292292   0   
1988.92392392   0   
1989.92492492   0   
1990.92592593   0   
1991.92692693   0   
1992.92792793   0   
1993.92892893   0   
1994.92992993   0   
1995.93093093   0   
1996.93193193   0   
1997.93293293   0   
1998.93393393   0   
1999.93493493   0   
2000.93593594   0   
2001.93693694   0   
2002.93793794   0   
2003.93893894   0   
2004.93993994   0   
2005.94094094   0   
2006.94194194   0   
2007.94294294   0   
2008.94394394   0   
2009.94494494   0   
2010.94594595   0   
2011.94694695   0   
2012.94794795   0   
2013.94894895   0   
2014.94994995   0   
2015.95095095   0   
2016.95195195   0   
2017.95295295   0   
2018.95395395   0   
2019.95495495   0   
2020.95595596   0   
2021.95695696   0   
2022.95795796   0   
2023.95895896   0   
2024.95995996   0   
2025.96096096   0   
2026.96196196   0   
2027.96296296   0   
2028.96396396   0   
2029.96496496   0   
2030.96596597   0   
2031.96696697   0   
2032.96796797   0   
2033.96896897   0   
2034.96996997   0   
2035.97097097   0   
2036.97197197   0   
2037.97297297   0   
2038.97397397   0   
2039.97497497   0   
2040.97597598   0   
2041.97697698   0   
2042.97797798   0   
2043.97897898   0   
2044.97997998   0   
2045.98098098   0   
2046.98198198   0   
2047.98298298   0   
2048.98398398   0   
2049.98498498   0   
2050.98598599   0   
2051.98698699   0   
2052.98798799   0   
2053.98898899   0   
2054.98998999   0   
2055.99099099   0   
2056.99199199   0   
2057.99299299   0   
2058.99399399   0   
2059.99499499   0   
2060.995996   0   
2061.996997   0   
2062.997998   0   
2063.998999   0   
2064.0   0   
