#-- wesselius, 1980, Ultraviolet colours of Main-Sequence stars
2099.9   0.0
2100.0   1.0   
2102.02020202   1.0   
2104.04040404   1.0   
2106.06060606   1.0   
2108.08080808   1.0   
2110.1010101   1.0   
2112.12121212   1.0   
2114.14141414   1.0   
2116.16161616   1.0   
2118.18181818   1.0   
2120.2020202   1.0   
2122.22222222   1.0   
2124.24242424   1.0   
2126.26262626   1.0   
2128.28282828   1.0   
2130.3030303   1.0   
2132.32323232   1.0   
2134.34343434   1.0   
2136.36363636   1.0   
2138.38383838   1.0   
2140.4040404   1.0   
2142.42424242   1.0   
2144.44444444   1.0   
2146.46464646   1.0   
2148.48484848   1.0   
2150.50505051   1.0   
2152.52525253   1.0   
2154.54545455   1.0   
2156.56565657   1.0   
2158.58585859   1.0   
2160.60606061   1.0   
2162.62626263   1.0   
2164.64646465   1.0   
2166.66666667   1.0   
2168.68686869   1.0   
2170.70707071   1.0   
2172.72727273   1.0   
2174.74747475   1.0   
2176.76767677   1.0   
2178.78787879   1.0   
2180.80808081   1.0   
2182.82828283   1.0   
2184.84848485   1.0   
2186.86868687   1.0   
2188.88888889   1.0   
2190.90909091   1.0   
2192.92929293   1.0   
2194.94949495   1.0   
2196.96969697   1.0   
2198.98989899   1.0   
2201.01010101   1.0   
2203.03030303   1.0   
2205.05050505   1.0   
2207.07070707   1.0   
2209.09090909   1.0   
2211.11111111   1.0   
2213.13131313   1.0   
2215.15151515   1.0   
2217.17171717   1.0   
2219.19191919   1.0   
2221.21212121   1.0   
2223.23232323   1.0   
2225.25252525   1.0   
2227.27272727   1.0   
2229.29292929   1.0   
2231.31313131   1.0   
2233.33333333   1.0   
2235.35353535   1.0   
2237.37373737   1.0   
2239.39393939   1.0   
2241.41414141   1.0   
2243.43434343   1.0   
2245.45454545   1.0   
2247.47474747   1.0   
2249.49494949   1.0   
2251.51515152   1.0   
2253.53535354   1.0   
2255.55555556   1.0   
2257.57575758   1.0   
2259.5959596   1.0   
2261.61616162   1.0   
2263.63636364   1.0   
2265.65656566   1.0   
2267.67676768   1.0   
2269.6969697   1.0   
2271.71717172   1.0   
2273.73737374   1.0   
2275.75757576   1.0   
2277.77777778   1.0   
2279.7979798   1.0   
2281.81818182   1.0   
2283.83838384   1.0   
2285.85858586   1.0   
2287.87878788   1.0   
2289.8989899   1.0   
2291.91919192   1.0   
2293.93939394   1.0   
2295.95959596   1.0   
2297.97979798   1.0   
2300.0   1.0   
2300.01   0.0