#wavelength (A)   trans   
1666666.7   1.712e-06   
1669449.1   1.441e-06   
1672240.8   1.282e-06   
1674761.3   1.07e-06   
1677570.9   1.101e-06   
1680389.9   1.422e-06   
1683218.3   1.347e-06   
1685772.1   1.692e-06   
1688618.7   1.373e-06   
1691475.0   1.862e-06   
1694340.9   2.385e-06   
1697216.6   2.512e-06   
1699813.0   1.812e-06   
1702707.3   2.336e-06   
1705611.5   1.832e-06   
1708525.5   2.104e-06   
1711449.6   1.853e-06   
1714089.8   1.916e-06   
1717033.0   1.454e-06   
1719986.2   1.547e-06   
1722949.7   1.358e-06   
1725625.5   1.509e-06   
1728608.5   1.431e-06   
1731601.7   1.269e-06   
1734605.4   1.164e-06   
1737619.5   1.431e-06   
1740341.1   1.242e-06   
1743375.2   1.43e-06   
1746419.8   1.349e-06   
1749475.2   1.771e-06   
1752541.2   2.049e-06   
1755309.8   2.245e-06   
1758396.3   1.423e-06   
1761493.7   2.342e-06   
1764602.1   1.897e-06   
1767409.7   1.474e-06   
1770538.2   1.786e-06   
1773678.6   1.632e-06   
1776830.1   1.329e-06   
1779992.9   1.235e-06   
1782849.0   1.47e-06   
1786033.2   1.125e-06   
1789228.8   3.635e-07   
1792435.9   8.538e-07   
1795654.5   1.064e-06   
1798561.2   1.445e-06   
1801801.8   1.879e-06   
1805054.2   1.559e-06   
1808318.3   1.936e-06   
1811266.1   1.796e-06   
1814552.7   1.996e-06   
1817851.3   1.569e-06   
1821161.9   2.361e-06   
1824484.6   2.596e-06   
1827485.4   2.726e-06   
1830831.2   2.691e-06   
1834189.3   3.233e-06   
1837559.7   2.494e-06   
1840942.6   1.711e-06   
1843997.8   1.66e-06   
1847404.4   1.329e-06   
1850823.6   1.378e-06   
1854255.5   2.406e-06   
1857355.1   2.849e-06   
1860811.3   2.571e-06   
1864280.4   1.488e-06   
1867762.4   7.679e-07   
1871257.5   1.517e-06   
1874414.2   1.674e-06   
1877934.3   1.279e-06   
1881467.5   9.208e-07   
1885014.1   9.263e-07   
1888574.1   9.47e-07   
1891789.6   1.192e-06   
1895375.3   1.833e-06   
1898974.6   -3.866e-07   
1902587.5   7.323e-07   
1905851.0   1.111e-06   
1909490.2   2.378e-06   
1913143.3   1.83e-06   
1916810.4   1.611e-06   
1920491.6   9.607e-07   
1923816.9   1.678e-06   
1927525.1   2.663e-06   
1931247.6   2.907e-06   
1934984.5   2.365e-06   
1938360.1   2.314e-06   
1942124.7   3.342e-06   
1945903.9   3.891e-06   
1949697.8   2.777e-06   
1953506.5   3.45e-06   
1956947.2   2.236e-06   
1960784.3   2.285e-06   
1964636.5   2.211e-06   
1968503.9   4.046e-06   
1972386.6   2.13e-06   
1975894.1   4.204e-06   
1979806.0   3.77e-06   
1983733.4   3.921e-06   
1987676.4   4.095e-06   
1991238.6   4.365e-06   
1995211.5   1.427e-05   
1999200.3   1.008e-05   
2003205.1   7.827e-07   
2007226.0   1.961e-06   
2010858.6   9.658e-07   
2014910.3   8.688e-07   
2018978.4   1.297e-06   
2023062.9   1.831e-06   
2027164.0   8.098e-07   
2030869.2   1.492e-06   
2035002.0   2.339e-06   
2039151.7   1.865e-06   
2043318.3   3.837e-06   
2047082.9   6.914e-06   
2051282.1   1.601e-06   
2055498.5   3.182e-06   
2059732.2   2.349e-06   
2063983.5   2.535e-06   
2067824.6   3.279e-06   
2072109.4   1.903e-06   
2076412.0   2.65e-06   
2080732.4   2.766e-06   
2085070.9   3.123e-06   
2088991.0   2.931e-06   
2093364.0   4.218e-06   
2097755.4   3.137e-06   
2102165.2   1.53e-06   
2106150.0   2.775e-06   
2110595.2   1.98e-06   
2115059.2   3.605e-06   
2119542.2   5.23e-07   
2124044.2   2.099e-06   
2128112.4   2.393e-06   
2132650.9   3.482e-06   
2137208.8   1.454e-06   
2141786.2   1.98e-06   
2146383.3   2.759e-06   
2150537.6   3.539e-06   
2155172.4   1.899e-06   
2159827.2   1.855e-06   
2164502.2   1.624e-06   
2168727.0   3.199e-06   
2173440.6   2.261e-06   
2178174.7   1.591e-06   
2182929.5   4.345e-06   
2187705.1   3.626e-06   
2192021.0   4.832e-06   
2196836.6   6.182e-06   
2201673.3   4.366e-06   
2206531.3   3.829e-06   
2210922.0   3.48e-06   
2215821.0   2.886e-06   
2220741.7   3.534e-06   
2225684.4   3.998e-06   
2230649.1   3.116e-06   
2235136.3   5.09e-06   
2240143.4   6.189e-06   
2245172.9   5.284e-06   
2250225.0   4.608e-06   
2255300.0   8.341e-06   
2259887.0   7.481e-06   
2265005.7   6.758e-06   
2270147.6   9.007e-06   
2275312.9   4.462e-06   
2279981.8   5.287e-06   
2285192.0   3.005e-06   
2290426.0   4.692e-06   
2295684.1   4.53e-06   
2300966.4   4.963e-06   
2305741.3   5.827e-06   
2311070.0   4.305e-06   
2316423.4   4.106e-06   
2321801.7   3.602e-06   
2327205.0   1.323e-06   
2332089.6   1.032e-06   
2337540.9   1.358e-07   
2343017.8   -2.962e-06   
2348520.4   2.248e-06   
2353494.9   4.641e-06   
2359046.9   4.451e-06   
2364625.2   4.579e-06   
2370229.9   7.471e-06   
2375861.2   9.281e-06   
2380952.4   7.158e-06   
2386634.8   8.48e-06   
2392344.5   7.547e-06   
2398081.5   1.052e-05   
2403846.2   8.597e-06   
2409058.1   1.237e-05   
2414875.6   1.145e-05   
2420721.4   1.043e-05   
2426595.5   8.102e-06   
2431906.6   7.587e-06   
2437835.2   9.205e-06   
2443792.8   8.391e-06   
2449779.5   1.259e-05   
2455795.7   9.835e-06   
2461235.5   8.454e-06   
2467308.2   7.655e-06   
2473410.8   1.405e-05   
2479543.8   1.443e-05   
2485707.2   1.037e-05   
2491280.5   1.259e-05   
2497502.5   1.43e-05   
2503755.6   1.242e-05   
2510040.2   1.016e-05   
2515723.3   1.193e-05   
2522068.1   1.494e-05   
2528445.0   1.216e-05   
2534854.2   2.122e-05   
2541296.1   2.805e-05   
2547121.8   3.075e-05   
2553626.1   3.766e-05   
2560163.9   3.97e-05   
2566735.1   4.15e-05   
2573340.2   5.645e-05   
2579313.9   6.895e-05   
2585984.0   7.329e-05   
2592688.6   7.665e-05   
2599428.1   9.105e-05   
2605523.7   0.0001004   
2612330.2   0.0001214   
2619172.3   0.0001461   
2626050.4   0.0001722   
2632964.7   0.0002053   
2639218.8   0.000254   
2646202.7   0.0003038   
2653223.7   0.0003825   
2660282.0   0.0004691   
2666666.7   0.0005747   
2673796.8   0.0007116   
2680965.1   0.0008972   
2688172.0   0.001106   
2695417.8   0.001371   
2701972.4   0.001682   
2709292.9   0.001965   
2716653.1   0.002262   
2724053.4   0.002601   
2731494.1   0.00296   
2738225.6   0.003374   
2745744.1   0.003918   
2753304.0   0.004486   
2760905.6   0.005063   
2767783.0   0.00576   
2775464.9   0.006562   
2783189.5   0.00731   
2790957.3   0.00807   
2798768.5   0.008926   
2805836.1   0.009984   
2813731.0   0.01081   
2821670.4   0.01207   
2829654.8   0.01363   
2837684.4   0.01491   
2844950.2   0.0178   
2853067.0   0.0231   
2861230.3   0.02561   
2869440.5   0.03292   
2876870.0   0.03966   
2885170.2   0.04865   
2893518.5   0.05801   
2901915.3   0.06892   
2910360.9   0.07998   
2918004.1   0.09402   
2926543.8   0.1148   
2935133.5   0.1439   
2943773.9   0.1804   
2952465.3   0.2238   
2960331.6   0.2698   
2969121.1   0.3149   
2977963.1   0.3466   
2986857.8   0.3679   
2994908.7   0.3856   
3003905.1   0.403   
3012955.7   0.4158   
3022061.0   0.4241   
3031221.6   0.4377   
3039513.7   0.4403   
3048780.5   0.4365   
3058104.0   0.4339   
3067484.7   0.4345   
3076923.1   0.44   
3085467.4   0.4337   
3095017.0   0.4497   
3104625.9   0.4636   
3114294.6   0.4713   
3123048.1   0.4734   
3132832.1   0.4814   
3142677.6   0.4881   
3152585.1   0.4808   
3162555.3   0.4766   
3171582.6   0.4718   
3181673.6   0.4597   
3191828.9   0.4573   
3202049.3   0.4624   
3211303.8   0.4874   
3221649.5   0.5142   
3232062.1   0.5454   
3242542.2   0.5546   
3253090.4   0.5627   
3262642.7   0.5437   
3273322.4   0.5379   
3284072.2   0.5221   
3294892.9   0.5147   
3305785.1   0.5211   
3315649.9   0.5338   
3326680.9   0.5392   
3337783.7   0.5552   
3348961.8   0.5615   
3359086.3   0.5642   
3370407.8   0.5644   
3381805.9   0.5627   
3393281.3   0.5549   
3404834.9   0.554   
3415300.5   0.5548   
3427004.8   0.5586   
3438789.5   0.5743   
3450655.6   0.5783   
3462603.9   0.5678   
3473428.3   0.5495   
3485535.3   0.547   
3497726.5   0.5342   
3510003.5   0.5376   
3521126.8   0.5605   
3533568.9   0.5913   
3546099.3   0.622   
3558718.9   0.626   
3571428.6   0.6317   
3582945.2   0.6204   
3595828.8   0.5888   
3608805.5   0.5731   
3621876.1   0.5672   
3635041.8   0.5663   
3646973.1   0.5776   
3660322.1   0.582   
3673769.3   0.6009   
3687315.6   0.6043   
3699593.1   0.6117   
3713330.9   0.6194   
3727171.1   0.629   
3741114.9   0.6207   
3755163.3   0.6105   
3767897.5   0.6046   
3782148.3   0.602   
3796507.2   0.6001   
3810975.6   0.5976   
3825554.7   0.5977   
3838771.6   0.6097   
3853564.5   0.5965   
3868472.3   0.5823   
3883495.1   0.567   
3897116.1   0.5608   
3912363.1   0.5526   
3927729.8   0.5541   
3943217.7   0.5373   
3958828.2   0.5191   
3972983.7   0.477   
3988831.3   0.4429   
4004805.8   0.387   
4020908.7   0.3413   
4037141.7   0.2907   
4051863.9   0.2568   
4068348.3   0.2138   
4084967.3   0.1859   
4101722.7   0.1624   
4116920.5   0.1399   
4133939.6   0.1155   
4151100.9   0.09563   
4168403.5   0.04668   
4185851.8   0.02183   
4201680.7   0.01283   
4219409.3   0.008433   
4237288.1   0.00596   
4255319.1   0.004244   
4271678.8   0.003219   
4290004.3   0.002542   
4308487.7   0.001987   
4327131.1   0.00154   
4345936.5   0.001244   
4363001.7   0.001006   
4382120.9   0.0008344   
4401408.5   0.0007316   
4420866.5   0.0006589   
4440497.3   0.0005783   
4458314.8   0.0005007   
4478280.3   0.0004354   
4498425.6   0.000366   
4518752.8   0.0003187   
4537205.1   0.0002832   
4557885.1   0.0002651   
4578754.6   0.0002561   
4599816.4   0.0002513   
4621072.1   0.0002403   
4640371.2   0.0002256   
4662004.7   0.0002146   
4683840.7   0.0001968   
4705882.4   0.0001788   
4728132.4   0.0001566   
4748338.1   0.0   
4770992.4   0.0   
4793863.9   0.0   
4816955.7   0.0   
4837929.4   0.0   
4861448.7   0.0   
4885197.9   0.0   
4909180.2   0.0   
4933399.1   0.0   
4955401.4   0.0   
4980079.7   0.0   
5005005.7   0.0   
5030181.1   0.0   
5055611.7   0.0   
5078720.2   0.0   
5104645.2   0.0   
5130836.3   0.0   
5157297.6   0.0   
5181347.2   0.0   
5208333.3   0.0   
5235602.1   0.0   
5263157.9   0.0   
5291005.3   0.0   
5316321.1   0.0   
5344735.4   0.0   
5373455.1   0.0   
5402485.1   0.0   
5431830.5   0.0   
5458515.3   0.0   
5488474.2   0.0   
5518763.8   0.0   
5549389.6   0.0   
5577244.8   0.0   
5608525.1   0.0   
5640157.9   0.0   
5672149.7   0.0   
5704506.6   0.0   
5733945.1   0.0   
5767012.7   0.0   
5800464.1   0.0   
5834305.7   0.0   
5865102.6   0.0   
5899705.1   0.0   
5934718.1   0.0   
5970149.3   0.0   
6006006.1   0.0   
6038647.3   0.0   
6075334.1   0.0   
6112469.4   0.0   
6150061.5   0.0   
6188118.8   0.0   
6222775.4   0.0   
6261740.8   0.0   
6301197.2   0.0   
6341154.1   0.0   
6377551.1   0.0   
6418485.2   0.0   
6459948.3   0.0   
6501950.6   0.0   
6544502.6   0.0   
6583278.5   0.0   
6626905.2   0.0   
6671114.1   0.0   
6715916.7   0.0   
6761325.2   0.0   
6802721.1   0.0   
6849315.1   0.0   
6896551.7   0.0   
6944444.4   0.0   
6988120.2   0.0   
7037297.7   0.0   
7087172.2   0.0   
7137758.7   0.0   
7189072.6   0.0   
7235890.8   0.0   
7288629.7   0.0   
7342143.9   0.0   
7396449.7   0.0   
7451564.8   0.0   
7501875.5   0.0   
7558579.6   0.0   
7616146.2   0.0   
7674597.1   0.0   
7727975.3   0.0   
7788162.7   0.0   
7849293.6   0.0   
7911392.4   0.0   
7974481.7   0.0   
8032128.5   0.0   
8097166.9   0.0   
8163265.3   0.0   
8230452.7   0.0   
8298755.2   0.0   
8361204.1   0.0   
8431703.2   0.0   
8503401.4   0.0   
8576329.3   0.0   
8643042.4   0.0   
8718395.8   0.0   
8795074.8   0.0   
8873114.5   0.0   
8952551.5   0.0   
9025270.8   0.0   
9107468.1   0.0   
9191176.5   0.0   
9276437.8   0.0   
9363295.9   0.0   
9442870.6   0.0   
9532888.5   0.0   
9624639.1   0.0   
9718173.1   0.0   
9803921.6   0.0   
9900990.1   0.0   
10000000.0   0.0   
