#LAM   TRANS   
1866.0   0   
1866.001001   0   
1867.002002   0   
1868.003003   0   
1869.004004   0   
1870.00500501   0   
1871.00600601   0   
1872.00700701   0   
1873.00800801   0   
1874.00900901   0   
1875.01001001   0   
1876.01101101   0   
1877.01201201   0   
1878.01301301   0   
1879.01401401   0   
1880.01501502   0   
1881.01601602   0   
1882.01701702   0   
1883.01801802   0   
1884.01901902   0   
1885.02002002   0   
1886.02102102   0   
1887.02202202   0   
1888.02302302   0   
1889.02402402   0   
1890.02502503   0   
1891.02602603   0   
1892.02702703   0   
1893.02802803   0   
1894.02902903   0   
1895.03003003   0   
1896.03103103   0   
1897.03203203   0   
1898.03303303   0   
1899.03403403   0   
1900.03503504   0   
1901.03603604   0   
1902.03703704   0   
1903.03803804   0   
1904.03903904   0   
1905.04004004   0   
1906.04104104   0   
1907.04204204   0   
1908.04304304   0   
1909.04404404   0   
1910.04504505   0   
1911.04604605   0   
1912.04704705   0   
1913.04804805   0   
1914.04904905   0   
1915.05005005   0   
1916.05105105   0   
1917.05205205   0   
1918.05305305   0   
1919.05405405   0   
1920.05505506   0   
1921.05605606   0   
1922.05705706   0   
1923.05805806   0   
1924.05905906   0   
1925.06006006   0   
1926.06106106   0   
1927.06206206   0   
1928.06306306   0   
1929.06406406   0   
1930.06506507   0   
1931.06606607   0   
1932.06706707   0   
1933.06806807   0   
1934.06906907   0   
1935.07007007   0   
1936.07107107   0   
1937.07207207   0   
1938.07307307   0   
1939.07407407   0   
1940.07507508   0   
1941.07607608   0   
1942.07707708   0   
1943.07807808   0   
1944.07907908   0   
1945.08008008   0   
1946.08108108   0   
1947.08208208   0   
1948.08308308   0   
1949.08408408   0   
1950.08508509   0   
1951.08608609   0   
1952.08708709   0   
1953.08808809   0   
1954.08908909   0   
1955.09009009   0   
1956.09109109   0   
1957.09209209   0   
1958.09309309   0   
1959.09409409   0   
1960.0950951   0   
1961.0960961   0   
1962.0970971   0   
1963.0980981   0   
1964.0990991   0   
1965.1001001   0   
1966.1011011   0   
1967.1021021   0   
1968.1031031   0   
1969.1041041   0   
1970.10510511   0   
1971.10610611   0   
1972.10710711   0   
1973.10810811   0   
1974.10910911   0   
1975.11011011   0   
1976.11111111   0   
1977.11211211   0   
1978.11311311   0   
1979.11411411   0   
1980.11511512   0   
1981.11611612   0   
1982.11711712   0   
1983.11811812   0   
1984.11911912   0   
1985.12012012   0   
1986.12112112   0   
1987.12212212   0   
1988.12312312   0   
1989.12412412   0   
1990.12512513   0   
1991.12612613   0   
1992.12712713   0   
1993.12812813   0   
1994.12912913   0   
1995.13013013   0   
1996.13113113   0   
1997.13213213   0   
1998.13313313   0   
1999.13413413   0   
2000.13513514   0   
2001.13613614   0   
2002.13713714   0   
2003.13813814   0   
2004.13913914   0   
2005.14014014   0   
2006.14114114   0   
2007.14214214   0   
2008.14314314   0   
2009.14414414   0   
2010.14514515   0   
2011.14614615   0   
2012.14714715   0   
2013.14814815   0   
2014.14914915   0   
2015.15015015   0   
2016.15115115   0   
2017.15215215   0   
2018.15315315   0   
2019.15415415   0   
2020.15515516   0   
2021.15615616   0   
2022.15715716   0   
2023.15815816   0   
2024.15915916   0   
2025.16016016   0   
2026.16116116   0   
2027.16216216   0   
2028.16316316   0   
2029.16416416   0   
2030.16516517   0   
2031.16616617   0   
2032.16716717   0   
2033.16816817   0   
2034.16916917   0   
2035.17017017   0   
2036.17117117   0   
2037.17217217   0   
2038.17317317   0   
2039.17417417   0   
2040.17517518   0   
2041.17617618   0   
2042.17717718   0   
2043.17817818   0   
2044.17917918   0   
2045.18018018   0   
2046.18118118   0   
2047.18218218   0   
2048.18318318   0   
2049.18418418   0   
2050.18518519   0   
2051.18618619   0   
2052.18718719   0   
2053.18818819   0   
2054.18918919   0   
2055.19019019   0   
2056.19119119   0   
2057.19219219   0   
2058.19319319   0   
2059.19419419   0   
2060.1951952   0   
2061.1961962   0   
2062.1971972   0   
2063.1981982   0   
2064.1991992   0   
2065.2002002   0   
2066.2012012   0   
2067.2022022   0   
2068.2032032   0   
2069.2042042   0   
2070.20520521   0   
2071.20620621   0   
2072.20720721   0   
2073.20820821   0   
2074.20920921   0   
2075.21021021   0   
2076.21121121   0   
2077.21221221   0   
2078.21321321   0   
2079.21421421   0   
2080.21521522   0   
2081.21621622   0   
2082.21721722   0   
2083.21821822   0   
2084.21921922   0   
2085.22022022   0   
2086.22122122   0   
2087.22222222   0   
2088.22322322   0   
2089.22422422   0   
2090.22522523   0   
2091.22622623   0   
2092.22722723   0   
2093.22822823   0   
2094.22922923   0   
2095.23023023   0   
2096.23123123   0   
2097.23223223   0   
2098.23323323   0   
2099.23423423   0   
2100.23523524   0   
2101.23623624   0   
2102.23723724   0   
2103.23823824   0   
2104.23923924   0   
2105.24024024   0   
2106.24124124   0   
2107.24224224   0   
2108.24324324   0   
2109.24424424   0   
2110.24524525   0   
2111.24624625   0   
2112.24724725   0   
2113.24824825   0   
2114.24924925   0   
2115.25025025   0   
2116.25125125   0   
2117.25225225   0   
2118.25325325   0   
2119.25425425   0   
2120.25525526   0   
2121.25625626   0   
2122.25725726   0   
2123.25825826   0   
2124.25925926   0   
2125.26026026   0   
2126.26126126   0   
2127.26226226   0   
2128.26326326   0   
2129.26426426   0   
2130.26526527   0   
2131.26626627   0   
2132.26726727   0   
2133.26826827   0   
2134.26926927   0   
2135.27027027   0   
2136.27127127   0   
2137.27227227   0   
2138.27327327   0   
2139.27427427   0   
2140.27527528   0   
2141.27627628   0   
2142.27727728   0   
2143.27827828   0   
2144.27927928   0   
2145.28028028   0   
2146.28128128   0   
2147.28228228   0   
2148.28328328   0   
2149.28428428   0   
2150.28528529   0   
2151.28628629   0   
2152.28728729   0   
2153.28828829   0   
2154.28928929   0   
2155.29029029   0   
2156.29129129   0   
2157.29229229   0   
2158.29329329   0   
2159.29429429   0   
2160.2952953   0   
2161.2962963   0   
2162.2972973   0   
2163.2982983   0   
2164.2992993   0   
2165.3003003   0   
2166.3013013   0   
2167.3023023   0   
2168.3033033   0   
2169.3043043   0   
2170.30530531   0   
2171.30630631   0   
2172.30730731   0   
2173.30830831   0   
2174.30930931   0   
2175.31031031   0   
2176.31131131   0   
2177.31231231   0   
2178.31331331   0   
2179.31431431   0   
2180.31531532   0   
2181.31631632   0   
2182.31731732   0   
2183.31831832   0   
2184.31931932   0   
2185.32032032   0   
2186.32132132   0   
2187.32232232   0   
2188.32332332   0   
2189.32432432   0   
2190.32532533   0   
2191.32632633   0   
2192.32732733   0   
2193.32832833   0   
2194.32932933   0   
2195.33033033   0   
2196.33133133   0   
2197.33233233   0   
2198.33333333   0   
2199.33433433   0   
2200.33533534   0   
2201.33633634   0   
2202.33733734   0   
2203.33833834   0   
2204.33933934   0   
2205.34034034   0   
2206.34134134   0   
2207.34234234   0   
2208.34334334   0   
2209.34434434   0   
2210.34534535   0   
2211.34634635   0   
2212.34734735   0   
2213.34834835   0   
2214.34934935   0   
2215.35035035   0   
2216.35135135   0   
2217.35235235   0   
2218.35335335   0   
2219.35435435   0   
2220.35535536   0   
2221.35635636   0   
2222.35735736   0   
2223.35835836   0   
2224.35935936   0   
2225.36036036   0   
2226.36136136   0   
2227.36236236   0   
2228.36336336   0   
2229.36436436   0   
2230.36536537   0   
2231.36636637   0   
2232.36736737   0   
2233.36836837   0   
2234.36936937   0   
2235.37037037   0   
2236.37137137   0   
2237.37237237   0   
2238.37337337   0   
2239.37437437   0   
2240.37537538   0   
2241.37637638   0   
2242.37737738   0   
2243.37837838   0   
2244.37937938   0   
2245.38038038   0   
2246.38138138   0   
2247.38238238   0   
2248.38338338   0   
2249.38438438   0   
2250.38538539   0   
2251.38638639   0   
2252.38738739   0   
2253.38838839   0   
2254.38938939   0   
2255.39039039   0   
2256.39139139   0   
2257.39239239   0   
2258.39339339   0   
2259.39439439   0   
2260.3953954   0   
2261.3963964   0   
2262.3973974   0   
2263.3983984   0   
2264.3993994   0   
2265.4004004   0   
2266.4014014   0   
2267.4024024   0   
2268.4034034   0   
2269.4044044   0   
2270.40540541   0   
2271.40640641   0   
2272.40740741   0   
2273.40840841   0   
2274.40940941   0   
2275.41041041   0   
2276.41141141   0   
2277.41241241   0   
2278.41341341   0   
2279.41441441   0   
2280.41541542   0   
2281.41641642   0   
2282.41741742   0   
2283.41841842   0   
2284.41941942   0   
2285.42042042   0   
2286.42142142   0   
2287.42242242   0   
2288.42342342   0   
2289.42442442   0   
2290.42542543   0   
2291.42642643   0   
2292.42742743   0   
2293.42842843   0   
2294.42942943   0   
2295.43043043   0   
2296.43143143   0   
2297.43243243   0   
2298.43343343   0   
2299.43443443   0   
2300.43543544   0   
2301.43643644   0   
2302.43743744   0   
2303.43843844   0   
2304.43943944   0   
2305.44044044   0   
2306.44144144   0   
2307.44244244   0   
2308.44344344   0   
2309.44444444   0   
2310.44544545   0   
2311.44644645   0   
2312.44744745   0   
2313.44844845   0   
2314.44944945   0   
2315.45045045   0   
2316.45145145   0   
2317.45245245   0   
2318.45345345   0   
2319.45445445   0   
2320.45545546   0   
2321.45645646   0   
2322.45745746   0   
2323.45845846   0   
2324.45945946   0   
2325.46046046   0   
2326.46146146   0   
2327.46246246   0   
2328.46346346   0   
2329.46446446   0   
2330.46546547   0   
2331.46646647   0   
2332.46746747   0   
2333.46846847   0   
2334.46946947   0   
2335.47047047   0   
2336.47147147   0   
2337.47247247   0   
2338.47347347   0   
2339.47447447   0   
2340.47547548   0   
2341.47647648   0   
2342.47747748   0   
2343.47847848   0   
2344.47947948   0   
2345.48048048   0   
2346.48148148   0   
2347.48248248   0   
2348.48348348   0   
2349.48448448   1   
2350.48548549   1   
2351.48648649   1   
2352.48748749   1   
2353.48848849   1   
2354.48948949   1   
2355.49049049   1   
2356.49149149   1   
2357.49249249   1   
2358.49349349   1   
2359.49449449   1   
2360.4954955   1   
2361.4964965   1   
2362.4974975   1   
2363.4984985   1   
2364.4994995   1   
2365.5005005   1   
2366.5015015   1   
2367.5025025   1   
2368.5035035   1   
2369.5045045   1   
2370.50550551   1   
2371.50650651   1   
2372.50750751   1   
2373.50850851   1   
2374.50950951   1   
2375.51051051   1   
2376.51151151   1   
2377.51251251   1   
2378.51351351   1   
2379.51451451   1   
2380.51551552   1   
2381.51651652   0   
2382.51751752   0   
2383.51851852   0   
2384.51951952   0   
2385.52052052   0   
2386.52152152   0   
2387.52252252   0   
2388.52352352   0   
2389.52452452   0   
2390.52552553   0   
2391.52652653   0   
2392.52752753   0   
2393.52852853   0   
2394.52952953   0   
2395.53053053   0   
2396.53153153   0   
2397.53253253   0   
2398.53353353   0   
2399.53453453   0   
2400.53553554   0   
2401.53653654   0   
2402.53753754   0   
2403.53853854   0   
2404.53953954   0   
2405.54054054   0   
2406.54154154   0   
2407.54254254   0   
2408.54354354   0   
2409.54454454   0   
2410.54554555   0   
2411.54654655   0   
2412.54754755   0   
2413.54854855   0   
2414.54954955   0   
2415.55055055   0   
2416.55155155   0   
2417.55255255   0   
2418.55355355   0   
2419.55455455   0   
2420.55555556   0   
2421.55655656   0   
2422.55755756   0   
2423.55855856   0   
2424.55955956   0   
2425.56056056   0   
2426.56156156   0   
2427.56256256   0   
2428.56356356   0   
2429.56456456   0   
2430.56556557   0   
2431.56656657   0   
2432.56756757   0   
2433.56856857   0   
2434.56956957   0   
2435.57057057   0   
2436.57157157   0   
2437.57257257   0   
2438.57357357   0   
2439.57457457   0   
2440.57557558   0   
2441.57657658   0   
2442.57757758   0   
2443.57857858   0   
2444.57957958   0   
2445.58058058   0   
2446.58158158   0   
2447.58258258   0   
2448.58358358   0   
2449.58458458   0   
2450.58558559   0   
2451.58658659   0   
2452.58758759   0   
2453.58858859   0   
2454.58958959   0   
2455.59059059   0   
2456.59159159   0   
2457.59259259   0   
2458.59359359   0   
2459.59459459   0   
2460.5955956   0   
2461.5965966   0   
2462.5975976   0   
2463.5985986   0   
2464.5995996   0   
2465.6006006   0   
2466.6016016   0   
2467.6026026   0   
2468.6036036   0   
2469.6046046   0   
2470.60560561   0   
2471.60660661   0   
2472.60760761   0   
2473.60860861   0   
2474.60960961   0   
2475.61061061   0   
2476.61161161   0   
2477.61261261   0   
2478.61361361   0   
2479.61461461   0   
2480.61561562   0   
2481.61661662   0   
2482.61761762   0   
2483.61861862   0   
2484.61961962   0   
2485.62062062   0   
2486.62162162   0   
2487.62262262   0   
2488.62362362   0   
2489.62462462   0   
2490.62562563   0   
2491.62662663   0   
2492.62762763   0   
2493.62862863   0   
2494.62962963   0   
2495.63063063   0   
2496.63163163   0   
2497.63263263   0   
2498.63363363   0   
2499.63463463   0   
2500.63563564   0   
2501.63663664   0   
2502.63763764   0   
2503.63863864   0   
2504.63963964   0   
2505.64064064   0   
2506.64164164   0   
2507.64264264   0   
2508.64364364   0   
2509.64464464   0   
2510.64564565   0   
2511.64664665   0   
2512.64764765   0   
2513.64864865   0   
2514.64964965   0   
2515.65065065   0   
2516.65165165   0   
2517.65265265   0   
2518.65365365   0   
2519.65465465   0   
2520.65565566   0   
2521.65665666   0   
2522.65765766   0   
2523.65865866   0   
2524.65965966   0   
2525.66066066   0   
2526.66166166   0   
2527.66266266   0   
2528.66366366   0   
2529.66466466   0   
2530.66566567   0   
2531.66666667   0   
2532.66766767   0   
2533.66866867   0   
2534.66966967   0   
2535.67067067   0   
2536.67167167   0   
2537.67267267   0   
2538.67367367   0   
2539.67467467   0   
2540.67567568   0   
2541.67667668   0   
2542.67767768   0   
2543.67867868   0   
2544.67967968   0   
2545.68068068   0   
2546.68168168   0   
2547.68268268   0   
2548.68368368   0   
2549.68468468   0   
2550.68568569   0   
2551.68668669   0   
2552.68768769   0   
2553.68868869   0   
2554.68968969   0   
2555.69069069   0   
2556.69169169   0   
2557.69269269   0   
2558.69369369   0   
2559.69469469   0   
2560.6956957   0   
2561.6966967   0   
2562.6976977   0   
2563.6986987   0   
2564.6996997   0   
2565.7007007   0   
2566.7017017   0   
2567.7027027   0   
2568.7037037   0   
2569.7047047   0   
2570.70570571   0   
2571.70670671   0   
2572.70770771   0   
2573.70870871   0   
2574.70970971   0   
2575.71071071   0   
2576.71171171   0   
2577.71271271   0   
2578.71371371   0   
2579.71471471   0   
2580.71571572   0   
2581.71671672   0   
2582.71771772   0   
2583.71871872   0   
2584.71971972   0   
2585.72072072   0   
2586.72172172   0   
2587.72272272   0   
2588.72372372   0   
2589.72472472   0   
2590.72572573   0   
2591.72672673   0   
2592.72772773   0   
2593.72872873   0   
2594.72972973   0   
2595.73073073   0   
2596.73173173   0   
2597.73273273   0   
2598.73373373   0   
2599.73473473   0   
2600.73573574   0   
2601.73673674   0   
2602.73773774   0   
2603.73873874   0   
2604.73973974   0   
2605.74074074   0   
2606.74174174   0   
2607.74274274   0   
2608.74374374   0   
2609.74474474   0   
2610.74574575   0   
2611.74674675   0   
2612.74774775   0   
2613.74874875   0   
2614.74974975   0   
2615.75075075   0   
2616.75175175   0   
2617.75275275   0   
2618.75375375   0   
2619.75475475   0   
2620.75575576   0   
2621.75675676   0   
2622.75775776   0   
2623.75875876   0   
2624.75975976   0   
2625.76076076   0   
2626.76176176   0   
2627.76276276   0   
2628.76376376   0   
2629.76476476   0   
2630.76576577   0   
2631.76676677   0   
2632.76776777   0   
2633.76876877   0   
2634.76976977   0   
2635.77077077   0   
2636.77177177   0   
2637.77277277   0   
2638.77377377   0   
2639.77477477   0   
2640.77577578   0   
2641.77677678   0   
2642.77777778   0   
2643.77877878   0   
2644.77977978   0   
2645.78078078   0   
2646.78178178   0   
2647.78278278   0   
2648.78378378   0   
2649.78478478   0   
2650.78578579   0   
2651.78678679   0   
2652.78778779   0   
2653.78878879   0   
2654.78978979   0   
2655.79079079   0   
2656.79179179   0   
2657.79279279   0   
2658.79379379   0   
2659.79479479   0   
2660.7957958   0   
2661.7967968   0   
2662.7977978   0   
2663.7987988   0   
2664.7997998   0   
2665.8008008   0   
2666.8018018   0   
2667.8028028   0   
2668.8038038   0   
2669.8048048   0   
2670.80580581   0   
2671.80680681   0   
2672.80780781   0   
2673.80880881   0   
2674.80980981   0   
2675.81081081   0   
2676.81181181   0   
2677.81281281   0   
2678.81381381   0   
2679.81481481   0   
2680.81581582   0   
2681.81681682   0   
2682.81781782   0   
2683.81881882   0   
2684.81981982   0   
2685.82082082   0   
2686.82182182   0   
2687.82282282   0   
2688.82382382   0   
2689.82482482   0   
2690.82582583   0   
2691.82682683   0   
2692.82782783   0   
2693.82882883   0   
2694.82982983   0   
2695.83083083   0   
2696.83183183   0   
2697.83283283   0   
2698.83383383   0   
2699.83483483   0   
2700.83583584   0   
2701.83683684   0   
2702.83783784   0   
2703.83883884   0   
2704.83983984   0   
2705.84084084   0   
2706.84184184   0   
2707.84284284   0   
2708.84384384   0   
2709.84484484   0   
2710.84584585   0   
2711.84684685   0   
2712.84784785   0   
2713.84884885   0   
2714.84984985   0   
2715.85085085   0   
2716.85185185   0   
2717.85285285   0   
2718.85385385   0   
2719.85485485   0   
2720.85585586   0   
2721.85685686   0   
2722.85785786   0   
2723.85885886   0   
2724.85985986   0   
2725.86086086   0   
2726.86186186   0   
2727.86286286   0   
2728.86386386   0   
2729.86486486   0   
2730.86586587   0   
2731.86686687   0   
2732.86786787   0   
2733.86886887   0   
2734.86986987   0   
2735.87087087   0   
2736.87187187   0   
2737.87287287   0   
2738.87387387   0   
2739.87487487   0   
2740.87587588   0   
2741.87687688   0   
2742.87787788   0   
2743.87887888   0   
2744.87987988   0   
2745.88088088   0   
2746.88188188   0   
2747.88288288   0   
2748.88388388   0   
2749.88488488   0   
2750.88588589   0   
2751.88688689   0   
2752.88788789   0   
2753.88888889   0   
2754.88988989   0   
2755.89089089   0   
2756.89189189   0   
2757.89289289   0   
2758.89389389   0   
2759.89489489   0   
2760.8958959   0   
2761.8968969   0   
2762.8978979   0   
2763.8988989   0   
2764.8998999   0   
2765.9009009   0   
2766.9019019   0   
2767.9029029   0   
2768.9039039   0   
2769.9049049   0   
2770.90590591   0   
2771.90690691   0   
2772.90790791   0   
2773.90890891   0   
2774.90990991   0   
2775.91091091   0   
2776.91191191   0   
2777.91291291   0   
2778.91391391   0   
2779.91491491   0   
2780.91591592   0   
2781.91691692   0   
2782.91791792   0   
2783.91891892   0   
2784.91991992   0   
2785.92092092   0   
2786.92192192   0   
2787.92292292   0   
2788.92392392   0   
2789.92492492   0   
2790.92592593   0   
2791.92692693   0   
2792.92792793   0   
2793.92892893   0   
2794.92992993   0   
2795.93093093   0   
2796.93193193   0   
2797.93293293   0   
2798.93393393   0   
2799.93493493   0   
2800.93593594   0   
2801.93693694   0   
2802.93793794   0   
2803.93893894   0   
2804.93993994   0   
2805.94094094   0   
2806.94194194   0   
2807.94294294   0   
2808.94394394   0   
2809.94494494   0   
2810.94594595   0   
2811.94694695   0   
2812.94794795   0   
2813.94894895   0   
2814.94994995   0   
2815.95095095   0   
2816.95195195   0   
2817.95295295   0   
2818.95395395   0   
2819.95495495   0   
2820.95595596   0   
2821.95695696   0   
2822.95795796   0   
2823.95895896   0   
2824.95995996   0   
2825.96096096   0   
2826.96196196   0   
2827.96296296   0   
2828.96396396   0   
2829.96496496   0   
2830.96596597   0   
2831.96696697   0   
2832.96796797   0   
2833.96896897   0   
2834.96996997   0   
2835.97097097   0   
2836.97197197   0   
2837.97297297   0   
2838.97397397   0   
2839.97497497   0   
2840.97597598   0   
2841.97697698   0   
2842.97797798   0   
2843.97897898   0   
2844.97997998   0   
2845.98098098   0   
2846.98198198   0   
2847.98298298   0   
2848.98398398   0   
2849.98498498   0   
2850.98598599   0   
2851.98698699   0   
2852.98798799   0   
2853.98898899   0   
2854.98998999   0   
2855.99099099   0   
2856.99199199   0   
2857.99299299   0   
2858.99399399   0   
2859.99499499   0   
2860.995996   0   
2861.996997   0   
2862.997998   0   
2863.998999   0   
2864.0   0   
