0 1 2
0 2 3
0 3 4
0 4 5
0 5 6
0 6 1
6 7 1
7 8 1
8 9 1
9 2 1
5 10 6
10 11 6
11 7 6
11 12 7
12 13 7
13 8 7
10 14 11
14 15 11
15 12 11
15 16 12
16 17 12
17 13 12
14 18 15
18 19 15
19 16 15
10 20 14
20 21 14
21 18 14
5 22 10
22 20 10
4 23 5
23 22 5
23 24 22
24 25 22
25 20 22
25 26 20
26 21 20
24 27 25
27 28 25
28 26 25
28 29 26
29 30 26
30 21 26
30 31 21
31 18 21
31 32 18
32 19 18
30 33 31
33 34 31
34 32 31
29 35 30
35 33 30
34 36 32
36 37 32
37 19 32
37 38 19
38 16 19
38 39 16
39 17 16
37 40 38
40 41 38
41 39 38
36 42 37
42 40 37
35 43 33
43 44 33
44 34 33
44 45 34
45 36 34
45 46 36
46 42 36
29 47 35
47 48 35
48 43 35
28 49 29
49 47 29
27 50 28
50 49 28
46 51 42
51 52 42
52 40 42
52 53 40
53 41 40
50 54 49
54 55 49
55 47 49
55 56 47
56 48 47
51 57 52
57 58 52
58 53 52
58 59 53
59 60 53
60 41 53
60 61 41
61 39 41
61 62 39
62 17 39
62 63 17
63 13 17
63 64 13
64 8 13
64 65 8
65 9 8
60 66 61
66 67 61
67 62 61
67 68 62
68 63 62
68 69 63
69 64 63
59 70 60
70 66 60
69 71 64
71 65 64
67 72 68
72 73 68
73 69 68
73 74 69
74 71 69
66 75 67
75 72 67
70 76 66
76 75 66
59 77 70
77 78 70
78 76 70
58 79 59
79 77 59
57 80 58
80 79 58
76 81 75
81 82 75
82 72 75
82 83 72
83 73 72
83 84 73
84 74 73
78 85 76
85 81 76
82 86 83
86 87 83
87 84 83
81 88 82
88 86 82
85 89 81
89 88 81
89 90 88
90 91 88
91 86 88
91 92 86
92 87 86
74 93 71
93 94 71
94 65 71
84 95 74
95 93 74
87 96 84
96 95 84
92 97 87
97 96 87
94 98 65
98 9 65
98 99 9
99 2 9
99 100 2
100 3 2
91 101 92
101 102 92
102 97 92
90 103 91
103 101 91
96 104 95
104 105 95
105 93 95
105 106 93
106 94 93
97 107 96
107 104 96
102 108 97
108 107 97
106 109 94
109 98 94
109 110 98
110 99 98
110 111 99
111 100 99
105 112 106
112 113 106
113 109 106
104 114 105
114 112 105
113 115 109
115 110 109
115 116 110
116 111 110
107 117 104
117 114 104
108 118 107
118 117 107
116 119 111
119 120 111
120 100 111
120 121 100
121 3 100
121 122 3
122 4 3
122 123 4
123 23 4
123 124 23
124 24 23
124 125 24
125 27 24
125 126 27
126 50 27
126 127 50
127 54 50
117 128 114
128 129 114
129 112 114
129 130 112
130 113 112
130 131 113
131 115 113
131 132 115
132 116 115
132 133 116
133 119 116
118 134 117
134 128 117
129 135 130
135 136 130
136 131 130
128 137 129
137 135 129
136 138 131
138 132 131
138 139 132
139 133 132
134 140 128
140 137 128
139 141 133
141 142 133
142 119 133
142 143 119
143 120 119
143 144 120
144 121 120
144 145 121
145 122 121
145 146 122
146 123 122
146 147 123
147 124 123
147 148 124
148 125 124
148 149 125
149 126 125
149 150 126
150 127 126
142 151 143
151 152 143
152 144 143
141 153 142
153 151 142
152 154 144
154 145 144
154 155 145
155 146 145
155 156 146
156 147 146
156 157 147
157 148 147
157 158 148
158 149 148
158 159 149
159 150 149
140 160 137
160 161 137
161 135 137
161 162 135
162 136 135
162 163 136
163 138 136
163 164 138
164 139 138
164 165 139
165 141 139
165 166 141
166 153 141
166 167 153
167 168 153
168 151 153
168 169 151
169 152 151
169 170 152
170 154 152
170 171 154
171 155 154
171 172 155
172 156 155
172 173 156
173 157 156
173 174 157
174 158 157
174 175 158
175 159 158
168 176 169
176 177 169
177 170 169
167 178 168
178 176 168
177 179 170
179 171 170
179 180 171
180 172 171
180 181 172
181 173 172
181 182 173
182 174 173
182 183 174
183 175 174
161 184 162
184 185 162
185 163 162
160 186 161
186 184 161
185 187 163
187 164 163
187 188 164
188 165 164
188 189 165
189 166 165
189 190 166
190 167 166
190 191 167
191 178 167
191 192 178
192 193 178
193 176 178
193 194 176
194 177 176
194 195 177
195 179 177
195 196 179
196 180 179
196 197 180
197 181 180
197 198 181
198 182 181
198 199 182
199 183 182
193 200 194
200 201 194
201 195 194
192 202 193
202 200 193
201 203 195
203 196 195
203 204 196
204 197 196
204 205 197
205 198 197
205 199 198
203 206 204
206 207 204
207 205 204
201 208 203
208 206 203
200 209 201
209 208 201
202 210 200
210 209 200
207 211 205
211 212 205
212 199 205
212 213 199
213 214 199
214 183 199
214 215 183
215 175 183
215 216 175
216 159 175
216 217 159
217 150 159
217 218 150
218 127 150
218 219 127
219 54 127
219 220 54
220 55 54
220 221 55
221 56 55
211 222 212
222 223 212
223 213 212
207 224 211
224 225 211
225 222 211
206 226 207
226 224 207
208 227 206
227 226 206
209 228 208
228 227 208
210 229 209
229 228 209
223 230 213
230 231 213
231 214 213
231 215 214
231 232 215
232 216 215
232 233 216
233 217 216
233 234 217
234 218 217
234 235 218
235 219 218
235 236 219
236 220 219
236 237 220
237 221 220
230 238 231
238 239 231
239 232 231
239 240 232
240 233 232
240 241 233
241 234 233
241 242 234
242 235 234
242 243 235
243 236 235
243 244 236
244 237 236
238 245 239
245 246 239
246 240 239
246 247 240
247 241 240
247 248 241
248 242 241
248 243 242
248 249 243
249 244 243
247 250 248
250 251 248
251 249 248
246 252 247
252 250 247
245 253 246
253 252 246
230 254 238
254 255 238
255 245 238
255 256 245
256 253 245
223 257 230
257 254 230
222 257 223
225 258 222
258 257 222
258 259 257
259 260 257
260 254 257
260 255 254
260 261 255
261 256 255
259 262 260
262 263 260
263 261 260
258 264 259
264 265 259
265 262 259
225 266 258
266 264 258
224 267 225
267 266 225
226 268 224
268 267 224
227 268 226
228 269 227
269 268 227
229 270 228
270 269 228
269 271 268
271 272 268
272 267 268
272 266 267
270 273 269
273 271 269
272 274 266
274 275 266
275 264 266
275 265 264
271 276 272
276 277 272
277 274 272
273 276 271
277 278 274
278 279 274
279 275 274
279 280 275
280 265 275
280 281 265
281 282 265
282 262 265
282 263 262
276 283 277
283 284 277
284 278 277
273 285 276
285 283 276
278 286 279
286 287 279
287 280 279
284 286 278
287 288 280
288 281 280
288 289 281
289 290 281
290 282 281
290 291 282
291 263 282
291 292 263
292 261 263
292 293 261
293 256 261
293 294 256
294 253 256
294 252 253
294 295 252
295 250 252
295 296 250
296 251 250
296 297 251
297 298 251
298 249 251
298 299 249
299 244 249
299 300 244
300 237 244
300 301 237
301 221 237
301 302 221
302 56 221
302 303 56
303 48 56
303 304 48
304 43 48
304 305 43
305 44 43
305 306 44
306 45 44
306 307 45
307 46 45
307 308 46
308 51 46
308 309 51
309 57 51
309 310 57
310 80 57
293 311 294
311 312 294
312 295 294
312 313 295
313 296 295
313 297 296
292 314 293
314 311 293
291 315 292
315 314 292
290 316 291
316 315 291
289 317 290
317 316 290
285 318 283
318 319 283
319 284 283
319 320 284
320 286 284
320 321 286
321 322 286
322 287 286
322 323 287
323 288 287
323 289 288
323 324 289
324 317 289
321 325 322
325 326 322
326 323 322
326 324 323
320 327 321
327 328 321
328 325 321
319 329 320
329 327 320
318 330 319
330 329 319
273 331 285
331 332 285
332 318 285
270 333 273
333 331 273
332 334 318
334 330 318
229 335 270
335 333 270
210 336 229
336 335 229
202 337 210
337 336 210
192 338 202
338 337 202
191 339 192
339 338 192
190 340 191
340 339 191
189 341 190
341 340 190
188 342 189
342 341 189
187 343 188
343 342 188
185 344 187
344 343 187
184 345 185
345 344 185
186 346 184
346 345 184
333 347 331
347 348 331
348 332 331
348 349 332
349 334 332
335 350 333
350 347 333
336 351 335
351 350 335
337 352 336
352 351 336
338 352 337
339 353 338
353 352 338
340 354 339
354 353 339
341 355 340
355 354 340
342 356 341
356 355 341
343 357 342
357 356 342
344 358 343
358 357 343
345 359 344
359 358 344
346 360 345
360 359 345
353 361 352
361 362 352
362 351 352
362 363 351
363 350 351
363 364 350
364 347 350
364 365 347
365 348 347
365 349 348
354 366 353
366 361 353
355 367 354
367 366 354
356 368 355
368 367 355
357 369 356
369 368 356
358 370 357
370 369 357
359 371 358
371 370 358
360 371 359
366 372 361
372 373 361
373 362 361
373 363 362
367 374 366
374 372 366
368 375 367
375 374 367
369 376 368
376 375 368
370 377 369
377 376 369
371 378 370
378 377 370
360 379 371
379 378 371
373 380 363
380 381 363
381 364 363
381 382 364
382 365 364
382 383 365
383 349 365
372 384 373
384 385 373
385 380 373
374 386 372
386 384 372
375 387 374
387 386 374
376 388 375
388 387 375
377 389 376
389 388 376
378 390 377
390 389 377
379 391 378
391 390 378
385 392 380
392 393 380
393 381 380
393 382 381
393 394 382
394 395 382
395 383 382
392 396 393
396 394 393
383 397 349
397 398 349
398 334 349
398 330 334
395 399 383
399 397 383
398 400 330
400 401 330
401 329 330
401 402 329
402 327 329
402 403 327
403 328 327
397 404 398
404 400 398
399 404 397
384 405 385
405 406 385
406 392 385
386 405 384
406 396 392
387 407 386
407 405 386
388 408 387
408 407 387
389 409 388
409 408 388
390 410 389
410 409 389
391 411 390
411 410 390
407 412 405
412 406 405
408 413 407
413 412 407
409 414 408
414 413 408
410 415 409
415 414 409
411 416 410
416 415 410
412 417 406
417 396 406
413 418 412
418 419 412
419 417 412
414 420 413
420 418 413
415 421 414
421 420 414
416 422 415
422 421 415
420 423 418
423 424 418
424 419 418
421 425 420
425 423 420
422 426 421
426 425 421
424 427 419
427 428 419
428 417 419
428 429 417
429 396 417
429 430 396
430 394 396
430 395 394
430 431 395
431 399 395
431 432 399
432 404 399
429 433 430
433 434 430
434 431 430
434 435 431
435 432 431
428 436 429
436 433 429
427 436 428
404 437 400
437 438 400
438 401 400
438 402 401
432 439 404
439 437 404
435 440 432
440 439 432
438 441 402
441 403 402
437 442 438
442 441 438
439 443 437
443 442 437
440 444 439
444 443 439
346 445 360
445 446 360
446 379 360
186 447 346
447 445 346
160 448 186
448 447 186
140 449 160
449 448 160
134 450 140
450 449 140
118 451 134
451 450 134
108 452 118
452 451 118
102 453 108
453 452 108
101 454 102
454 453 102
103 455 101
455 454 101
446 456 379
456 391 379
456 457 391
457 411 391
457 458 411
458 416 411
458 459 416
459 422 416
459 460 422
460 426 422
444 461 443
461 462 443
462 442 443
462 463 442
463 441 442
463 464 441
464 465 441
465 403 441
465 466 403
466 328 403
466 325 328
466 467 325
467 326 325
467 468 326
468 324 326
433 469 434
469 470 434
470 435 434
436 469 433
470 471 435
471 440 435
471 472 440
472 444 440
472 473 444
473 461 444
427 474 436
474 475 436
475 469 436
424 476 427
476 474 427
423 477 424
477 476 424
425 477 423
475 478 469
478 479 469
479 470 469
479 480 470
480 471 470
480 472 471
478 481 479
481 482 479
482 480 479
482 483 480
483 472 480
483 484 472
484 473 472
475 485 478
485 486 478
486 481 478
474 485 475
476 487 474
487 485 474
487 488 485
488 486 485
477 489 476
489 487 476
425 490 477
490 489 477
426 491 425
491 490 425
460 492 426
492 491 426
489 493 487
493 488 487
490 494 489
494 495 489
495 493 489
491 496 490
496 494 490
492 496 491
496 497 494
497 498 494
498 495 494
492 499 496
499 497 496
498 500 495
500 501 495
501 493 495
501 502 493
502 488 493
502 503 488
503 486 488
503 504 486
504 481 486
504 482 481
504 505 482
505 483 482
505 506 483
506 484 483
500 507 501
507 508 501
508 502 501
508 509 502
509 503 502
509 510 503
510 504 503
510 511 504
511 505 504
511 512 505
512 506 505
510 513 511
513 514 511
514 512 511
509 515 510
515 513 510
508 516 509
516 515 509
507 517 508
517 516 508
460 518 492
518 519 492
519 499 492
459 520 460
520 518 460
458 521 459
521 520 459
457 522 458
522 521 458
456 523 457
523 522 457
446 524 456
524 523 456
445 525 446
525 524 446
447 526 445
526 525 445
448 526 447
449 527 448
527 526 448
450 528 449
528 527 449
451 529 450
529 528 450
452 530 451
530 529 451
453 531 452
531 530 452
454 532 453
532 531 453
455 533 454
533 532 454
527 534 526
534 535 526
535 525 526
535 524 525
528 536 527
536 534 527
529 537 528
537 536 528
530 538 529
538 537 529
531 539 530
539 538 530
532 540 531
540 539 531
533 541 532
541 540 532
535 542 524
542 543 524
543 523 524
543 544 523
544 522 523
544 545 522
545 521 522
545 546 521
546 520 521
546 547 520
547 518 520
547 548 518
548 519 518
534 549 535
549 542 535
536 550 534
550 549 534
537 551 536
551 550 536
538 552 537
552 551 537
539 553 538
553 552 538
540 554 539
554 553 539
541 555 540
555 554 540
548 556 519
556 557 519
557 499 519
557 558 499
558 497 499
558 559 497
559 498 497
559 500 498
559 560 500
560 507 500
560 561 507
561 517 507
558 562 559
562 563 559
563 560 559
563 564 560
564 561 560
557 565 558
565 562 558
556 566 557
566 565 557
562 567 563
567 568 563
568 564 563
565 567 562
566 569 565
569 567 565
569 570 567
570 571 567
571 568 567
542 572 543
572 573 543
573 544 543
549 572 542
573 574 544
574 545 544
574 575 545
575 546 545
575 576 546
576 547 546
576 577 547
577 548 547
577 556 548
577 578 556
578 566 556
578 579 566
579 569 566
579 580 569
580 570 569
550 581 549
581 582 549
582 572 549
551 581 550
582 583 572
583 584 572
584 573 572
584 585 573
585 574 573
585 586 574
586 575 574
586 587 575
587 576 575
587 588 576
588 577 576
588 578 577
588 589 578
589 590 578
590 579 578
590 591 579
591 580 579
587 592 588
592 593 588
593 589 588
586 592 587
593 594 589
594 595 589
595 590 589
595 591 590
585 596 586
596 597 586
597 592 586
584 598 585
598 596 585
583 598 584
597 599 592
599 593 592
599 594 593
581 600 582
600 601 582
601 583 582
601 598 583
551 602 581
602 600 581
552 603 551
603 602 551
553 604 552
604 603 552
554 605 553
605 604 553
555 606 554
606 605 554
604 607 603
607 608 603
608 602 603
608 609 602
609 600 602
609 601 600
605 610 604
610 607 604
606 611 605
611 610 605
609 612 601
612 613 601
613 598 601
613 614 598
614 596 598
614 597 596
614 615 597
615 599 597
613 616 614
616 615 614
612 616 613
608 617 609
617 618 609
618 612 609
607 617 608
618 619 612
619 616 612
610 620 607
620 617 607
611 621 610
621 620 610
620 622 617
622 618 617
622 619 618
621 623 620
623 622 620
580 624 570
624 625 570
625 571 570
591 626 580
626 624 580
595 627 591
627 626 591
594 628 595
628 627 595
599 629 594
629 628 594
615 630 599
630 629 599
616 631 615
631 630 615
619 632 616
632 631 616
622 633 619
633 632 619
623 634 622
634 633 622
561 635 517
635 636 517
636 516 517
564 637 561
637 635 561
636 638 516
638 515 516
568 639 564
639 637 564
571 639 568
625 640 571
640 639 571
638 641 515
641 513 515
641 642 513
642 514 513
642 643 514
643 644 514
644 512 514
644 645 512
645 506 512
645 646 506
646 484 506
646 647 484
647 473 484
647 648 473
648 461 473
648 649 461
649 462 461
649 650 462
650 463 462
650 651 463
651 464 463
651 652 464
652 653 464
653 465 464
653 466 465
653 654 466
654 467 466
654 655 467
655 468 467
652 656 653
656 657 653
657 654 653
657 658 654
658 655 654
656 659 657
659 660 657
660 658 657
652 661 656
661 662 656
662 659 656
651 661 652
650 663 651
663 661 651
649 664 650
664 663 650
648 664 649
647 665 648
665 664 648
646 666 647
666 665 647
645 667 646
667 666 646
644 668 645
668 667 645
643 669 644
669 668 644
665 670 664
670 671 664
671 663 664
666 672 665
672 670 665
667 672 666
671 673 663
673 661 663
673 674 661
674 662 661
668 675 667
675 676 667
676 672 667
669 677 668
677 675 668
672 678 670
678 679 670
679 671 670
676 678 672
679 673 671
679 680 673
680 674 673
678 681 679
681 682 679
682 680 679
676 683 678
683 681 678
675 684 676
684 683 676
677 684 675
683 685 681
685 686 681
686 682 681
684 687 683
687 685 683
677 688 684
688 687 684
686 689 682
689 690 682
690 680 682
690 691 680
691 674 680
691 692 674
692 662 674
692 693 662
693 659 662
693 660 659
640 694 639
694 695 639
695 637 639
695 696 637
696 635 637
696 636 635
696 697 636
697 638 636
697 698 638
698 641 638
698 699 641
699 642 641
699 700 642
700 643 642
700 701 643
701 669 643
701 677 669
701 702 677
702 688 677
700 703 701
703 704 701
704 702 701
699 703 700
698 705 699
705 706 699
706 703 699
697 707 698
707 705 698
696 708 697
708 707 697
695 709 696
709 708 696
694 709 695
706 710 703
710 704 703
707 711 705
711 712 705
712 706 705
712 710 706
708 713 707
713 711 707
709 714 708
714 713 708
694 715 709
715 714 709
640 716 694
716 715 694
625 717 640
717 716 640
624 718 625
718 717 625
626 719 624
719 718 624
627 720 626
720 719 626
628 721 627
721 720 627
629 722 628
722 721 628
630 723 629
723 722 629
631 723 630
632 724 631
724 723 631
633 725 632
725 724 632
634 726 633
726 725 633
724 727 723
727 728 723
728 722 723
728 729 722
729 721 722
725 730 724
730 727 724
726 731 725
731 730 725
729 732 721
732 720 721
732 733 720
733 734 720
734 719 720
734 735 719
735 718 719
735 717 718
735 736 717
736 716 717
736 737 716
737 715 716
737 738 715
738 739 715
739 714 715
739 740 714
740 713 714
740 741 713
741 711 713
741 712 711
741 742 712
742 743 712
743 710 712
740 744 741
744 745 741
745 742 741
739 746 740
746 744 740
738 746 739
745 747 742
747 748 742
748 743 742
748 749 743
749 710 743
749 750 710
750 704 710
750 751 704
751 702 704
751 688 702
730 752 727
752 753 727
753 728 727
753 729 728
731 754 730
754 752 730
753 755 729
755 756 729
756 732 729
756 757 732
757 733 732
752 758 753
758 755 753
754 759 752
759 758 752
755 760 756
760 761 756
761 757 756
758 760 755
759 762 758
762 763 758
763 760 758
763 764 760
764 761 760
744 765 745
765 766 745
766 747 745
746 765 744
734 767 735
767 768 735
768 736 735
733 767 734
757 769 733
769 767 733
761 770 757
770 769 757
764 771 761
771 770 761
768 772 736
772 737 736
772 773 737
773 738 737
773 774 738
774 746 738
774 775 746
775 765 746
769 776 767
776 777 767
777 768 767
777 772 768
770 778 769
778 776 769
771 779 770
779 778 770
775 780 765
780 781 765
781 766 765
778 782 776
782 783 776
783 777 776
779 784 778
784 782 778
783 785 777
785 772 777
785 786 772
786 773 772
786 787 773
787 774 773
787 775 774
787 788 775
788 780 775
788 789 780
789 790 780
790 781 780
787 791 788
791 792 788
792 789 788
786 793 787
793 791 787
785 793 786
783 794 785
794 793 785
782 794 783
784 795 782
795 794 782
794 796 793
796 791 793
796 792 791
795 797 794
797 796 794
790 798 781
798 799 781
799 766 781
799 800 766
800 747 766
800 748 747
800 801 748
801 749 748
801 802 749
802 803 749
803 750 749
803 804 750
804 751 750
804 805 751
805 688 751
805 806 688
806 687 688
806 807 687
807 685 687
807 808 685
808 686 685
808 809 686
809 689 686
799 810 800
810 811 800
811 801 800
798 810 799
811 812 801
812 802 801
802 813 803
813 814 803
814 804 803
812 813 802
814 805 804
814 815 805
815 806 805
815 816 806
816 807 806
816 817 807
817 808 807
817 818 808
818 809 808
813 819 814
819 820 814
820 815 814
812 821 813
821 819 813
820 822 815
822 816 815
822 823 816
823 817 816
823 824 817
824 818 817
811 825 812
825 826 812
826 821 812
810 825 811
798 827 810
827 828 810
828 825 810
828 829 825
829 826 825
790 830 798
830 831 798
831 827 798
789 830 790
792 832 789
832 830 789
796 833 792
833 832 792
797 834 796
834 833 796
832 835 830
835 831 830
833 836 832
836 835 832
834 837 833
837 836 833
831 838 827
838 839 827
839 828 827
839 829 828
835 838 831
795 840 797
840 841 797
841 834 797
784 842 795
842 840 795
779 843 784
843 842 784
771 844 779
844 843 779
764 845 771
845 844 771
763 846 764
846 845 764
762 847 763
847 846 763
841 848 834
848 837 834
819 849 820
849 850 820
850 822 820
821 849 819
850 851 822
851 823 822
851 852 823
852 824 823
826 853 821
853 849 821
829 854 826
854 853 826
853 855 849
855 856 849
856 850 849
856 851 850
854 857 853
857 855 853
856 858 851
858 859 851
859 852 851
855 860 856
860 858 856
857 860 855
839 861 829
861 862 829
862 854 829
862 857 854
838 863 839
863 861 839
835 864 838
864 863 838
836 865 835
865 864 835
837 866 836
866 865 836
848 867 837
867 866 837
860 868 858
868 869 858
869 859 858
857 870 860
870 871 860
871 868 860
862 872 857
872 870 857
861 873 862
873 874 862
874 872 862
863 873 861
864 875 863
875 876 863
876 873 863
865 877 864
877 875 864
866 878 865
878 877 865
876 879 873
879 874 873
867 880 866
880 878 866
879 881 874
881 882 874
882 872 874
882 883 872
883 870 872
883 871 870
809 884 689
884 885 689
885 690 689
885 691 690
818 886 809
886 884 809
824 886 818
885 887 691
887 692 691
887 888 692
888 693 692
888 889 693
889 660 693
889 890 660
890 658 660
890 891 658
891 655 658
891 892 655
892 468 655
892 893 468
893 324 468
893 894 324
894 317 324
894 895 317
895 316 317
895 896 316
896 315 316
896 897 315
897 314 315
897 898 314
898 311 314
898 899 311
899 312 311
899 900 312
900 313 312
900 901 313
901 902 313
902 297 313
902 903 297
903 904 297
904 298 297
904 299 298
901 905 902
905 906 902
906 903 902
884 907 885
907 908 885
908 887 885
886 909 884
909 907 884
824 910 886
910 909 886
852 911 824
911 910 824
859 912 852
912 911 852
869 912 859
908 913 887
913 888 887
913 914 888
914 889 888
914 915 889
915 890 889
915 916 890
916 917 890
917 891 890
917 892 891
917 918 892
918 893 892
918 894 893
918 919 894
919 895 894
919 920 895
920 896 895
920 921 896
921 897 896
921 922 897
922 898 897
922 923 898
923 899 898
923 924 899
924 900 899
924 901 900
924 925 901
925 905 901
916 926 917
926 918 917
926 927 918
927 919 918
927 928 919
928 920 919
928 929 920
929 921 920
929 930 921
930 922 921
930 931 922
931 923 922
931 932 923
932 924 923
932 925 924
926 933 927
933 934 927
934 928 927
934 935 928
935 929 928
935 936 929
936 930 929
936 931 930
916 937 926
937 933 926
915 937 916
936 938 931
938 932 931
914 939 915
939 937 915
913 940 914
940 939 914
908 941 913
941 942 913
942 940 913
907 941 908
909 943 907
943 941 907
910 944 909
944 943 909
911 945 910
945 944 910
912 945 911
943 946 941
946 942 941
944 947 943
947 946 943
945 948 944
948 947 944
938 949 932
949 950 932
950 925 932
950 951 925
951 905 925
951 952 905
952 906 905
912 953 945
953 954 945
954 948 945
869 955 912
955 953 912
868 956 869
956 955 869
871 957 868
957 956 868
883 958 871
958 957 871
882 959 883
959 960 883
960 958 883
881 959 882
955 961 953
961 962 953
962 954 953
956 961 955
906 963 903
963 964 903
964 904 903
952 963 906
964 965 904
965 299 904
965 966 299
966 300 299
966 967 300
967 301 300
967 968 301
968 302 301
968 969 302
969 303 302
969 970 303
970 304 303
970 971 304
971 305 304
971 972 305
972 306 305
972 973 306
973 307 306
973 974 307
974 308 307
974 975 308
975 309 308
975 976 309
976 310 309
957 977 956
977 978 956
978 961 956
958 977 957
978 979 961
979 962 961
960 980 958
980 977 958
980 981 977
981 982 977
982 978 977
982 979 978
946 983 942
983 984 942
984 940 942
984 985 940
985 939 940
947 986 946
986 983 946
948 987 947
987 986 947
954 988 948
988 987 948
962 988 954
979 989 962
989 988 962
985 990 939
990 937 939
990 991 937
991 933 937
991 992 933
992 934 933
992 935 934
992 993 935
993 936 935
993 994 936
994 938 936
994 995 938
995 949 938
991 996 992
996 997 992
997 993 992
990 996 991
997 998 993
998 994 993
998 999 994
999 995 994
989 1000 988
1000 1001 988
1001 987 988
1001 1002 987
1002 986 987
1002 1003 986
1003 983 986
1003 1004 983
1004 984 983
1004 985 984
1004 1005 985
1005 990 985
1005 996 990
1003 1006 1004
1006 1007 1004
1007 1005 1004
1002 1008 1003
1008 1006 1003
1001 1009 1002
1009 1008 1002
1000 1009 1001
1007 1010 1005
1010 996 1005
1010 1011 996
1011 997 996
1011 998 997
1011 1012 998
1012 1013 998
1013 999 998
1010 1014 1011
1014 1012 1011
1007 1015 1010
1015 1014 1010
1006 1016 1007
1016 1015 1007
1008 1016 1006
1009 1017 1008
1017 1018 1008
1018 1016 1008
1018 1019 1016
1019 1015 1016
1019 1020 1015
1020 1014 1015
1020 1021 1014
1021 1012 1014
1021 1013 1012
1000 1022 1009
1022 1017 1009
989 1023 1000
1023 1022 1000
979 1024 989
1024 1023 989
982 1025 979
1025 1024 979
981 1026 982
1026 1025 982
1013 1027 999
1027 1028 999
1028 995 999
1028 1029 995
1029 949 995
1029 950 949
1029 1030 950
1030 951 950
1021 1031 1013
1031 1027 1013
1030 1032 951
1032 952 951
1032 1033 952
1033 963 952
1033 1034 963
1034 1035 963
1035 964 963
1035 965 964
1035 1036 965
1036 966 965
1036 1037 966
1037 967 966
1037 1038 967
1038 968 967
1038 1039 968
1039 969 968
1039 1040 969
1040 970 969
1040 1041 970
1041 971 970
1041 1042 971
1042 972 971
1042 1043 972
1043 973 972
1043 1044 973
1044 974 973
1044 1045 974
1045 975 974
1045 1046 975
1046 976 975
1034 1047 1035
1047 1036 1035
1047 1048 1036
1048 1037 1036
1048 1049 1037
1049 1038 1037
1049 1050 1038
1050 1039 1038
1050 1040 1039
1050 1051 1040
1051 1041 1040
1051 1052 1041
1052 1042 1041
1052 1053 1042
1053 1043 1042
1053 1054 1043
1054 1044 1043
1054 1055 1044
1055 1045 1044
1055 1056 1045
1056 1046 1045
980 1057 981
1057 1058 981
1058 1026 981
960 1059 980
1059 1057 980
959 1060 960
1060 1059 960
881 1061 959
1061 1060 959
879 1062 881
1062 1061 881
876 1063 879
1063 1062 879
875 1064 876
1064 1063 876
877 1064 875
878 1065 877
1065 1066 877
1066 1064 877
880 1067 878
1067 1065 878
1066 1068 1064
1068 1063 1064
1068 1069 1063
1069 1062 1063
1069 1070 1062
1070 1061 1062
1070 1071 1061
1071 1060 1061
1071 1072 1060
1072 1059 1060
1072 1073 1059
1073 1057 1059
1073 1074 1057
1074 1058 1057
1067 1075 1065
1075 1076 1065
1076 1066 1065
1076 1068 1066
1020 1077 1021
1077 1078 1021
1078 1031 1021
1019 1079 1020
1079 1077 1020
1018 1080 1019
1080 1079 1019
1017 1080 1018
1022 1081 1017
1081 1080 1017
1023 1082 1022
1082 1081 1022
1024 1083 1023
1083 1082 1023
1025 1084 1024
1084 1083 1024
1026 1084 1025
1058 1085 1026
1085 1086 1026
1086 1084 1026
1074 1085 1058
1086 1087 1084
1087 1083 1084
1087 1088 1083
1088 1082 1083
1088 1089 1082
1089 1081 1082
1089 1090 1081
1090 1080 1081
1090 1091 1080
1091 1079 1080
1091 1092 1079
1092 1077 1079
1092 1078 1077
1076 1093 1068
1093 1094 1068
1094 1069 1068
1094 1095 1069
1095 1070 1069
1075 1096 1076
1096 1093 1076
1095 1097 1070
1097 1071 1070
1097 1098 1071
1098 1072 1071
1098 1099 1072
1099 1073 1072
1099 1100 1073
1100 1074 1073
1100 1101 1074
1101 1085 1074
1101 1102 1085
1102 1086 1085
1102 1087 1086
1102 1103 1087
1103 1104 1087
1104 1088 1087
1104 1089 1088
1104 1105 1089
1105 1106 1089
1106 1090 1089
1106 1107 1090
1107 1091 1090
1107 1108 1091
1108 1092 1091
1103 1109 1104
1109 1110 1104
1110 1105 1104
1102 1111 1103
1111 1109 1103
1101 1112 1102
1112 1111 1102
1100 1113 1101
1113 1112 1101
1099 1114 1100
1114 1113 1100
1098 1115 1099
1115 1114 1099
1097 1116 1098
1116 1115 1098
1095 1117 1097
1117 1116 1097
1094 1118 1095
1118 1117 1095
1093 1118 1094
1096 1119 1093
1119 1118 1093
1108 1120 1092
1120 1121 1092
1121 1078 1092
1121 1122 1078
1122 1031 1078
1122 1123 1031
1123 1027 1031
1123 1124 1027
1124 1028 1027
1124 1029 1028
1124 1125 1029
1125 1030 1029
1125 1126 1030
1126 1032 1030
1126 1127 1032
1127 1128 1032
1128 1033 1032
1128 1129 1033
1129 1034 1033
1129 1047 1034
1123 1130 1124
1130 1131 1124
1131 1125 1124
1122 1130 1123
1131 1132 1125
1132 1126 1125
1132 1127 1126
1130 1133 1131
1133 1134 1131
1134 1132 1131
1122 1135 1130
1135 1133 1130
1121 1136 1122
1136 1135 1122
1120 1136 1121
1134 1137 1132
1137 1127 1132
1137 1138 1127
1138 1128 1127
1138 1129 1128
1110 1139 1105
1139 1140 1105
1140 1106 1105
1140 1107 1106
1140 1141 1107
1141 1108 1107
1141 1142 1108
1142 1120 1108
1142 1143 1120
1143 1136 1120
1143 1144 1136
1144 1135 1136
1144 1145 1135
1145 1133 1135
1145 1146 1133
1146 1134 1133
1146 1147 1134
1147 1137 1134
1147 1148 1137
1148 1138 1137
1139 1149 1140
1149 1141 1140
1149 1150 1141
1150 1142 1141
1150 1151 1142
1151 1143 1142
1151 1152 1143
1152 1144 1143
1152 1153 1144
1153 1145 1144
1153 1154 1145
1154 1146 1145
1154 1147 1146
1154 1155 1147
1155 1148 1147
1148 1156 1138
1156 1157 1138
1157 1129 1138
1157 1158 1129
1158 1047 1129
1158 1159 1047
1159 1048 1047
1155 1160 1148
1160 1156 1148
1159 1161 1048
1161 1049 1048
1161 1162 1049
1162 1050 1049
1162 1163 1050
1163 1051 1050
1163 1164 1051
1164 1052 1051
1164 1165 1052
1165 1053 1052
1165 1166 1053
1166 1054 1053
1166 1167 1054
1167 1055 1054
1167 1168 1055
1168 1056 1055
1156 1169 1157
1169 1170 1157
1170 1158 1157
1170 1159 1158
1160 1169 1156
1170 1171 1159
1171 1161 1159
1171 1172 1161
1172 1162 1161
1172 1163 1162
1172 1173 1163
1173 1164 1163
1173 1174 1164
1174 1165 1164
1174 1175 1165
1175 1166 1165
1175 1176 1166
1176 1167 1166
1176 1177 1167
1177 1168 1167
1169 1178 1170
1178 1171 1170
1160 1179 1169
1179 1178 1169
1178 1180 1171
1180 1172 1171
1180 1181 1172
1181 1173 1172
1181 1182 1173
1182 1174 1173
1182 1183 1174
1183 1175 1174
1183 1184 1175
1184 1176 1175
1184 1185 1176
1185 1177 1176
1179 1186 1178
1186 1180 1178
1186 1187 1180
1187 1181 1180
1187 1188 1181
1188 1182 1181
1188 1189 1182
1189 1183 1182
1189 1190 1183
1190 1184 1183
1190 1191 1184
1191 1185 1184
1109 1192 1110
1192 1193 1110
1193 1139 1110
1111 1192 1109
1193 1194 1139
1194 1149 1139
1194 1195 1149
1195 1150 1149
1195 1196 1150
1196 1151 1150
1196 1197 1151
1197 1152 1151
1197 1198 1152
1198 1153 1152
1198 1199 1153
1199 1154 1153
1199 1155 1154
1199 1200 1155
1200 1201 1155
1201 1160 1155
1201 1202 1160
1202 1179 1160
1202 1203 1179
1203 1186 1179
1203 1204 1186
1204 1187 1186
1204 1205 1187
1205 1188 1187
1205 1189 1188
1205 1206 1189
1206 1190 1189
1206 1207 1190
1207 1191 1190
1204 1208 1205
1208 1209 1205
1209 1206 1205
1209 1210 1206
1210 1207 1206
1203 1211 1204
1211 1208 1204
1202 1212 1203
1212 1211 1203
1201 1213 1202
1213 1212 1202
1200 1213 1201
1199 1214 1200
1214 1215 1200
1215 1213 1200
1215 1216 1213
1216 1212 1213
1216 1217 1212
1217 1211 1212
1198 1218 1199
1218 1214 1199
1197 1219 1198
1219 1218 1198
1196 1220 1197
1220 1219 1197
1195 1220 1196
1217 1221 1211
1221 1208 1211
1221 1222 1208
1222 1209 1208
1222 1210 1209
1218 1223 1214
1223 1224 1214
1224 1215 1214
1224 1216 1215
1219 1223 1218
1224 1225 1216
1225 1217 1216
1225 1226 1217
1226 1221 1217
1226 1227 1221
1227 1222 1221
1227 1228 1222
1228 1210 1222
1220 1229 1219
1229 1230 1219
1230 1223 1219
1195 1231 1220
1231 1229 1220
1194 1232 1195
1232 1231 1195
1193 1233 1194
1233 1232 1194
1192 1233 1193
1230 1234 1223
1234 1235 1223
1235 1224 1223
1235 1225 1224
1229 1236 1230
1236 1237 1230
1237 1234 1230
1231 1236 1229
1232 1238 1231
1238 1236 1231
1233 1239 1232
1239 1238 1232
1238 1240 1236
1240 1237 1236
1239 1241 1238
1241 1242 1238
1242 1240 1238
1111 1243 1192
1243 1244 1192
1244 1233 1192
1244 1245 1233
1245 1239 1233
1245 1241 1239
1112 1246 1111
1246 1243 1111
1113 1247 1112
1247 1246 1112
1114 1248 1113
1248 1247 1113
1115 1249 1114
1249 1248 1114
1116 1250 1115
1250 1249 1115
1117 1251 1116
1251 1250 1116
1118 1252 1117
1252 1251 1117
1119 1252 1118
1243 1253 1244
1253 1254 1244
1254 1245 1244
1246 1253 1243
1254 1255 1245
1255 1241 1245
1247 1256 1246
1256 1253 1246
1248 1257 1247
1257 1256 1247
1256 1258 1253
1258 1254 1253
1258 1255 1254
1257 1259 1256
1259 1258 1256
1255 1260 1241
1260 1242 1241
1249 1261 1248
1261 1257 1248
1261 1262 1257
1262 1259 1257
1250 1263 1249
1263 1261 1249
1251 1264 1250
1264 1263 1250
1252 1264 1251
1263 1265 1261
1265 1262 1261
1264 1266 1263
1266 1265 1263
1252 1267 1264
1267 1266 1264
1119 1268 1252
1268 1267 1252
1259 1269 1258
1269 1255 1258
1269 1270 1255
1270 1260 1255
1262 1271 1259
1271 1269 1259
1265 1272 1262
1272 1271 1262
1271 1273 1269
1273 1270 1269
1272 1274 1271
1274 1273 1271
1266 1275 1265
1275 1272 1265
1275 1276 1272
1276 1274 1272
1267 1277 1266
1277 1278 1266
1278 1275 1266
1268 1279 1267
1279 1277 1267
1278 1280 1275
1280 1276 1275
1228 1281 1210
1281 1282 1210
1282 1207 1210
1282 1283 1207
1283 1191 1207
1283 1284 1191
1284 1185 1191
1284 1285 1185
1285 1177 1185
1285 1286 1177
1286 1168 1177
1286 1056 1168
1286 1287 1056
1287 1046 1056
1287 1288 1046
1288 976 1046
1288 1289 976
1289 310 976
1289 1290 310
1290 80 310
1290 1291 80
1291 79 80
1291 1292 79
1292 77 79
1292 1293 77
1293 78 77
1293 1294 78
1294 85 78
1294 1295 85
1295 89 85
1295 1296 89
1296 90 89
1296 1297 90
1297 103 90
1297 1298 103
1298 455 103
1298 1299 455
1299 533 455
1299 1300 533
1300 541 533
1300 1301 541
1301 555 541
1301 1302 555
1302 606 555
1302 1303 606
1303 611 606
1303 1304 611
1304 621 611
1304 1305 621
1305 623 621
1305 1306 623
1306 634 623
1306 1307 634
1307 726 634
1307 1308 726
1308 731 726
1308 754 731
1308 1309 754
1309 1310 754
1310 759 754
1310 762 759
1310 1311 762
1311 847 762
1309 1312 1310
1312 1311 1310
1260 1313 1242
1313 1314 1242
1314 1240 1242
1270 1315 1260
1315 1313 1260
1273 1315 1270
1314 1316 1240
1316 1237 1240
1316 1317 1237
1317 1234 1237
1317 1235 1234
1317 1318 1235
1318 1225 1235
1318 1319 1225
1319 1226 1225
1319 1320 1226
1320 1227 1226
1320 1321 1227
1321 1228 1227
1321 1322 1228
1322 1281 1228
1316 1323 1317
1323 1324 1317
1324 1318 1317
1324 1319 1318
1324 1325 1319
1325 1320 1319
1325 1326 1320
1326 1321 1320
1323 1327 1324
1327 1325 1324
1327 1328 1325
1328 1326 1325
1314 1329 1316
1329 1323 1316
1329 1327 1323
1313 1330 1314
1330 1329 1314
1315 1330 1313
1326 1331 1321
1331 1322 1321
1328 1332 1326
1332 1331 1326
1329 1333 1327
1333 1334 1327
1334 1328 1327
1334 1335 1328
1335 1332 1328
1330 1336 1329
1336 1333 1329
1315 1337 1330
1337 1336 1330
1273 1338 1315
1338 1337 1315
1274 1339 1273
1339 1338 1273
1276 1340 1274
1340 1339 1274
1280 1341 1276
1341 1340 1276
1336 1342 1333
1342 1343 1333
1343 1334 1333
1343 1335 1334
1337 1342 1336
1338 1344 1337
1344 1345 1337
1345 1342 1337
1339 1344 1338
1340 1346 1339
1346 1344 1339
1341 1347 1340
1347 1346 1340
1346 1348 1344
1348 1345 1344
1347 1349 1346
1349 1348 1346
1345 1350 1342
1350 1343 1342
1348 1350 1345
1350 1351 1343
1351 1335 1343
1351 1352 1335
1352 1353 1335
1353 1332 1335
1353 1331 1332
1349 1354 1348
1354 1355 1348
1355 1350 1348
1355 1356 1350
1356 1351 1350
1356 1357 1351
1357 1352 1351
1354 1358 1355
1358 1359 1355
1359 1356 1355
1359 1360 1356
1360 1357 1356
1096 1361 1119
1361 1362 1119
1362 1268 1119
1362 1363 1268
1363 1279 1268
1075 1364 1096
1364 1361 1096
1067 1365 1075
1365 1364 1075
880 1365 1067
867 1366 880
1366 1365 880
848 1367 867
1367 1368 867
1368 1366 867
841 1369 848
1369 1367 848
840 1369 841
842 1370 840
1370 1369 840
843 1371 842
1371 1370 842
844 1372 843
1372 1371 843
845 1373 844
1373 1372 844
846 1373 845
847 1374 846
1374 1373 846
1311 1375 847
1375 1374 847
1312 1376 1311
1376 1375 1311
1361 1377 1362
1377 1378 1362
1378 1363 1362
1364 1377 1361
1365 1379 1364
1379 1380 1364
1380 1377 1364
1366 1379 1365
1380 1381 1377
1381 1378 1377
1368 1382 1366
1382 1383 1366
1383 1379 1366
1383 1384 1379
1384 1380 1379
1384 1381 1380
1367 1385 1368
1385 1386 1368
1386 1382 1368
1369 1385 1367
1370 1387 1369
1387 1385 1369
1387 1388 1385
1388 1386 1385
1371 1389 1370
1389 1387 1370
1372 1390 1371
1390 1389 1371
1373 1391 1372
1391 1390 1372
1374 1391 1373
1389 1392 1387
1392 1388 1387
1390 1393 1389
1393 1392 1389
1391 1394 1390
1394 1393 1390
1374 1395 1391
1395 1394 1391
1375 1396 1374
1396 1395 1374
1376 1397 1375
1397 1396 1375
1382 1398 1383
1398 1399 1383
1399 1384 1383
1386 1398 1382
1388 1400 1386
1400 1398 1386
1392 1401 1388
1401 1400 1388
1393 1402 1392
1402 1401 1392
1394 1403 1393
1403 1402 1393
1395 1404 1394
1404 1403 1394
1396 1405 1395
1405 1404 1395
1397 1405 1396
1400 1406 1398
1406 1399 1398
1401 1407 1400
1407 1406 1400
1402 1408 1401
1408 1407 1401
1403 1409 1402
1409 1408 1402
1404 1410 1403
1410 1409 1403
1405 1411 1404
1411 1410 1404
1397 1412 1405
1412 1411 1405
1399 1413 1384
1413 1381 1384
1406 1414 1399
1414 1413 1399
1407 1415 1406
1415 1414 1406
1408 1416 1407
1416 1415 1407
1409 1417 1408
1417 1416 1408
1410 1418 1409
1418 1417 1409
1411 1419 1410
1419 1418 1410
1412 1420 1411
1420 1419 1411
1376 1421 1397
1421 1422 1397
1422 1412 1397
1312 1423 1376
1423 1421 1376
1422 1424 1412
1424 1420 1412
1309 1425 1312
1425 1426 1312
1426 1423 1312
1308 1425 1309
1307 1427 1308
1427 1425 1308
1306 1427 1307
1427 1428 1425
1428 1426 1425
1306 1429 1427
1429 1428 1427
1305 1429 1306
1304 1430 1305
1430 1429 1305
1303 1431 1304
1431 1430 1304
1302 1432 1303
1432 1431 1303
1301 1433 1302
1433 1432 1302
1300 1434 1301
1434 1433 1301
1299 1434 1300
1298 1435 1299
1435 1434 1299
1297 1436 1298
1436 1435 1298
1296 1437 1297
1437 1436 1297
1295 1438 1296
1438 1437 1296
1294 1439 1295
1439 1438 1295
1293 1440 1294
1440 1439 1294
1292 1441 1293
1441 1440 1293
1291 1442 1292
1442 1441 1292
1290 1443 1291
1443 1442 1291
1289 1444 1290
1444 1443 1290
1288 1445 1289
1445 1444 1289
1287 1446 1288
1446 1445 1288
1286 1447 1287
1447 1446 1287
1285 1448 1286
1448 1447 1286
1284 1448 1285
1283 1449 1284
1449 1450 1284
1450 1448 1284
1282 1451 1283
1451 1449 1283
1281 1452 1282
1452 1451 1282
1322 1452 1281
1331 1453 1322
1453 1452 1322
1353 1454 1331
1454 1453 1331
1352 1455 1353
1455 1454 1353
1357 1455 1352
1453 1456 1452
1456 1451 1452
1456 1457 1451
1457 1449 1451
1457 1458 1449
1458 1450 1449
1454 1459 1453
1459 1456 1453
1455 1459 1454
1360 1460 1357
1460 1455 1357
1460 1461 1455
1461 1459 1455
1458 1462 1450
1462 1448 1450
1462 1447 1448
1462 1463 1447
1463 1446 1447
1463 1464 1446
1464 1445 1446
1464 1465 1445
1465 1444 1445
1465 1466 1444
1466 1443 1444
1466 1467 1443
1467 1442 1443
1467 1468 1442
1468 1441 1442
1468 1469 1441
1469 1440 1441
1469 1470 1440
1470 1439 1440
1470 1471 1439
1471 1438 1439
1471 1472 1438
1472 1437 1438
1472 1473 1437
1473 1436 1437
1473 1474 1436
1474 1435 1436
1474 1475 1435
1475 1434 1435
1475 1476 1434
1476 1433 1434
1476 1477 1433
1477 1432 1433
1477 1478 1432
1478 1431 1432
1478 1479 1431
1479 1430 1431
1479 1480 1430
1480 1429 1430
1480 1428 1429
1459 1481 1456
1481 1457 1456
1461 1482 1459
1482 1481 1459
1481 1483 1457
1483 1458 1457
1483 1484 1458
1484 1462 1458
1484 1485 1462
1485 1463 1462
1485 1486 1463
1486 1464 1463
1486 1487 1464
1487 1465 1464
1487 1488 1465
1488 1466 1465
1488 1489 1466
1489 1467 1466
1489 1490 1467
1490 1468 1467
1490 1491 1468
1491 1469 1468
1491 1492 1469
1492 1470 1469
1492 1493 1470
1493 1471 1470
1493 1494 1471
1494 1472 1471
1494 1495 1472
1495 1473 1472
1495 1496 1473
1496 1474 1473
1496 1475 1474
1482 1497 1481
1497 1483 1481
1497 1498 1483
1498 1484 1483
1498 1499 1484
1499 1485 1484
1499 1500 1485
1500 1486 1485
1500 1501 1486
1501 1487 1486
1501 1502 1487
1502 1488 1487
1502 1489 1488
1502 1503 1489
1503 1490 1489
1503 1504 1490
1504 1491 1490
1504 1505 1491
1505 1492 1491
1505 1506 1492
1506 1493 1492
1506 1507 1493
1507 1494 1493
1507 1508 1494
1508 1495 1494
1508 1509 1495
1509 1496 1495
1509 1510 1496
1510 1475 1496
1510 1476 1475
1510 1511 1476
1511 1477 1476
1511 1512 1477
1512 1478 1477
1512 1479 1478
1512 1513 1479
1513 1480 1479
1513 1514 1480
1514 1428 1480
1514 1515 1428
1515 1426 1428
1515 1516 1426
1516 1423 1426
1516 1421 1423
1516 1517 1421
1517 1422 1421
1517 1424 1422
1515 1518 1516
1518 1519 1516
1519 1517 1516
1514 1518 1515
1519 1520 1517
1520 1424 1517
1513 1521 1514
1521 1522 1514
1522 1518 1514
1522 1523 1518
1523 1519 1518
1523 1520 1519
1512 1524 1513
1524 1521 1513
1511 1525 1512
1525 1524 1512
1510 1525 1511
1509 1526 1510
1526 1525 1510
1526 1527 1525
1527 1524 1525
1508 1528 1509
1528 1526 1509
1507 1529 1508
1529 1528 1508
1506 1530 1507
1530 1529 1507
1505 1530 1506
1504 1531 1505
1531 1530 1505
1503 1532 1504
1532 1531 1504
1502 1533 1503
1533 1532 1503
1501 1534 1502
1534 1533 1502
1500 1535 1501
1535 1534 1501
1499 1536 1500
1536 1535 1500
1498 1536 1499
1528 1537 1526
1537 1527 1526
1527 1538 1524
1538 1521 1524
1538 1539 1521
1539 1522 1521
1539 1523 1522
1537 1540 1527
1540 1538 1527
1540 1541 1538
1541 1539 1538
1541 1542 1539
1542 1523 1539
1542 1520 1523
1529 1543 1528
1543 1537 1528
1530 1544 1529
1544 1543 1529
1531 1544 1530
1543 1545 1537
1545 1540 1537
1545 1546 1540
1546 1541 1540
1546 1547 1541
1547 1542 1541
1547 1548 1542
1548 1520 1542
1548 1549 1520
1549 1424 1520
1549 1550 1424
1550 1420 1424
1550 1551 1420
1551 1419 1420
1551 1552 1419
1552 1418 1419
1552 1417 1418
1552 1553 1417
1553 1416 1417
1553 1554 1416
1554 1415 1416
1554 1555 1415
1555 1414 1415
1555 1556 1414
1556 1413 1414
1556 1557 1413
1557 1381 1413
1557 1558 1381
1558 1378 1381
1558 1559 1378
1559 1363 1378
1559 1279 1363
1559 1560 1279
1560 1277 1279
1560 1561 1277
1561 1278 1277
1561 1280 1278
1497 1562 1498
1562 1536 1498
1544 1563 1543
1563 1564 1543
1564 1545 1543
1531 1565 1544
1565 1563 1544
1532 1566 1531
1566 1565 1531
1533 1567 1532
1567 1566 1532
1534 1568 1533
1568 1567 1533
1535 1568 1534
1564 1569 1545
1569 1546 1545
1569 1570 1546
1570 1547 1546
1536 1571 1535
1571 1568 1535
1562 1571 1536
1570 1572 1547
1572 1573 1547
1573 1548 1547
1573 1574 1548
1574 1549 1548
1574 1575 1549
1575 1550 1549
1575 1551 1550
1482 1576 1497
1576 1577 1497
1577 1562 1497
1461 1578 1482
1578 1576 1482
1460 1578 1461
1577 1579 1562
1579 1580 1562
1580 1571 1562
1576 1581 1577
1581 1582 1577
1582 1579 1577
1578 1581 1576
1460 1583 1578
1583 1581 1578
1360 1584 1460
1584 1583 1460
1583 1585 1581
1585 1582 1581
1359 1586 1360
1586 1584 1360
1358 1586 1359
1584 1587 1583
1587 1585 1583
1586 1588 1584
1588 1587 1584
1358 1589 1586
1589 1590 1586
1590 1588 1586
1354 1591 1358
1591 1589 1358
1349 1591 1354
1347 1592 1349
1592 1591 1349
1341 1593 1347
1593 1592 1347
1280 1594 1341
1594 1593 1341
1561 1594 1280
1560 1595 1561
1595 1594 1561
1559 1596 1560
1596 1595 1560
1558 1597 1559
1597 1596 1559
1557 1598 1558
1598 1597 1558
1556 1599 1557
1599 1598 1557
1555 1599 1556
1595 1600 1594
1600 1593 1594
1600 1601 1593
1601 1592 1593
1601 1602 1592
1602 1591 1592
1602 1603 1591
1603 1589 1591
1603 1590 1589
1596 1604 1595
1604 1600 1595
1597 1605 1596
1605 1604 1596
1598 1605 1597
1604 1606 1600
1606 1601 1600
1606 1607 1601
1607 1602 1601
1607 1603 1602
1599 1608 1598
1608 1605 1598
1605 1609 1604
1609 1606 1604
1608 1609 1605
1609 1610 1606
1610 1607 1606
1608 1611 1609
1611 1610 1609
1554 1612 1555
1612 1599 1555
1612 1608 1599
1612 1613 1608
1613 1611 1608
1553 1614 1554
1614 1612 1554
1614 1615 1612
1615 1613 1612
1552 1616 1553
1616 1614 1553
1551 1617 1552
1617 1616 1552
1575 1617 1551
1616 1618 1614
1618 1615 1614
1617 1619 1616
1619 1618 1616
1575 1620 1617
1620 1619 1617
1574 1620 1575
1573 1621 1574
1621 1620 1574
1572 1621 1573
1615 1622 1613
1622 1611 1613
1618 1623 1615
1623 1622 1615
1619 1624 1618
1624 1623 1618
1620 1625 1619
1625 1624 1619
1621 1625 1620
1622 1626 1611
1626 1610 1611
1623 1627 1622
1627 1626 1622
1624 1628 1623
1628 1627 1623
1625 1629 1624
1629 1628 1624
1621 1630 1625
1630 1629 1625
1572 1631 1621
1631 1630 1621
1570 1632 1572
1632 1631 1572
1569 1633 1570
1633 1632 1570
1564 1634 1569
1634 1633 1569
1563 1634 1564
1565 1635 1563
1635 1634 1563
1566 1636 1565
1636 1635 1565
1567 1636 1566
1568 1637 1567
1637 1636 1567
1571 1637 1568
1580 1638 1571
1638 1637 1571
1638 1639 1637
1639 1636 1637
1639 1640 1636
1640 1635 1636
1640 1634 1635
1640 1641 1634
1641 1633 1634
1641 1642 1633
1642 1632 1633
1642 1643 1632
1643 1631 1632
1643 1644 1631
1644 1630 1631
1644 1645 1630
1645 1629 1630
1645 1646 1629
1646 1628 1629
1646 1627 1628
1639 1647 1640
1647 1641 1640
1647 1648 1641
1648 1642 1641
1648 1649 1642
1649 1643 1642
1649 1644 1643
1649 1650 1644
1650 1645 1644
1650 1651 1645
1651 1646 1645
1638 1652 1639
1652 1647 1639
1580 1653 1638
1653 1652 1638
1579 1653 1580
1582 1653 1579
1652 1654 1647
1654 1648 1647
1654 1655 1648
1655 1649 1648
1655 1650 1649
1653 1656 1652
1656 1654 1652
1582 1657 1653
1657 1656 1653
1585 1657 1582
1656 1658 1654
1658 1655 1654
1657 1659 1656
1659 1658 1656
1585 1659 1657
1587 1660 1585
1660 1659 1585
1655 1661 1650
1661 1651 1650
1658 1661 1655
1659 1662 1658
1662 1661 1658
1660 1662 1659
1588 1663 1587
1663 1660 1587
1663 1662 1660
1590 1663 1588
1651 1664 1646
1664 1627 1646
1664 1626 1627
1661 1665 1651
1665 1664 1651
1662 1665 1661
1663 1665 1662
1590 1666 1663
1666 1665 1663
1603 1666 1590
1607 1667 1603
1667 1666 1603
1610 1667 1607
1666 1668 1665
1668 1664 1665
1668 1626 1664
1667 1668 1666
1667 1626 1668
1626 1610 1667
