# http://david.elbaz3.free.fr/astro_codes/howto_filters.htm
#wave   response   
29650.0   0.00168747309514   
29670.0   0.00169393026259   
29680.0   0.00189410245372   
29700.0   0.000690916917779   
29720.0   0.00103529918209   
29730.0   0.000589754627637   
29750.0   0.00121609987086   
29770.0   0.00171114937581   
29780.0   0.00187473095136   
29800.0   0.00201463624623   
29820.0   0.00221696082652   
29840.0   0.00218897976754   
29850.0   0.0018725785622   
29870.0   0.00148084373655   
29890.0   0.00134309083082   
29900.0   0.00169393026259   
29920.0   0.00218037021093   
29940.0   0.002365475678   
29960.0   0.00228153250108   
29970.0   0.0018682737839   
29990.0   0.00100947051227   
30010.0   0.00193069306931   
30030.0   0.00135815755489   
30040.0   0.000355144210073   
30060.0   9.47051226862e-05   
30080.0   0.000925527335342   
30100.0   0.000990099009901   
30110.0   0.000671545415411   
30130.0   0.00111278519156   
30150.0   0.000529487731382   
30170.0   0.00100947051227   
30180.0   0.00112354713732   
30200.0   0.00102023245803   
30220.0   0.000888936719759   
30240.0   0.000863108049935   
30250.0   0.00102238484718   
30270.0   0.000977184674989   
30290.0   0.000921222557038   
30310.0   0.00114937580715   
30320.0   0.00136030994404   
30340.0   0.00119888075764   
30360.0   0.000764098148945   
30380.0   0.000482135170039   
30400.0   0.000632802410676   
30410.0   0.000723202755058   
30430.0   0.000658631080499   
30450.0   0.000402496771416   
30470.0   0.00111278519156   
30480.0   0.000927679724494   
30500.0   0.000684459750323   
30520.0   0.000529487731382   
30540.0   0.000622040464916   
30560.0   0.000910460611279   
30570.0   0.00114291863969   
30590.0   0.00108265174344   
30610.0   0.00070383125269   
30630.0   0.000869565217391   
30650.0   0.00123977615153   
30670.0   0.00125699526474   
30680.0   0.00127206198881   
30700.0   0.00117735686612   
30720.0   0.00122901420577   
30740.0   0.000832974601808   
30760.0   0.000893241498063   
30770.0   0.000738269479122   
30790.0   0.00085665088248   
30810.0   0.000650021523892   
30830.0   0.000600516573396   
30850.0   0.000408953938872   
30870.0   0.000316401205338   
30880.0   0.000398191993112   
30900.0   0.000598364184245   
30920.0   0.000723202755058   
30940.0   0.000852346104176   
30960.0   0.000402496771416   
30980.0   0.000456306500215   
31000.0   0.000602668962548   
31010.0   0.000772707705553   
31030.0   0.000895393887215   
31050.0   0.00119027120103   
31070.0   0.00177356866121   
31090.0   0.00236978045631   
31110.0   0.00264313387861   
31130.0   0.00279380111924   
31140.0   0.00317907877744   
31160.0   0.00374730951356   
31180.0   0.00427894963409   
31200.0   0.00477184674989   
31220.0   0.00549504950495   
31240.0   0.00662505380973   
31260.0   0.00777012483857   
31280.0   0.00854068015497   
31290.0   0.0091756349548   
31310.0   0.0101334481274   
31330.0   0.0116788635385   
31350.0   0.0137688334051   
31370.0   0.01621825226   
31390.0   0.0190292724925   
31410.0   0.0224278949634   
31430.0   0.0263667671115   
31450.0   0.0304993542833   
31470.0   0.0350624192854   
31480.0   0.0405725355144   
31500.0   0.047804563065   
31520.0   0.0571028842015   
31540.0   0.0679939733104   
31560.0   0.08073611709   
31580.0   0.0957597933706   
31600.0   0.113301764959   
31620.0   0.133620318554   
31640.0   0.156973740852   
31660.0   0.184933275936   
31680.0   0.216315109772   
31700.0   0.250107619458   
31720.0   0.289065863108   
31730.0   0.331252690486   
31750.0   0.374946190271   
31770.0   0.421007318123   
31790.0   0.468790357297   
31810.0   0.513775290573   
31830.0   0.556177356866   
31850.0   0.599870856651   
31870.0   0.639474817047   
31890.0   0.672191132157   
31910.0   0.703616013775   
31930.0   0.731597072751   
31950.0   0.75269048644   
31970.0   0.768402927249   
31990.0   0.781962978907   
32010.0   0.790142057684   
32030.0   0.791433491175   
32050.0   0.792724924666   
32070.0   0.793801119242   
32090.0   0.790572535514   
32110.0   0.786482996126   
32130.0   0.780241067585   
32150.0   0.772707705553   
32170.0   0.766465777012   
32190.0   0.761730520878   
32210.0   0.756995264744   
32230.0   0.747955230306   
32250.0   0.741067585019   
32270.0   0.739130434783   
32290.0   0.733964700818   
32310.0   0.73030563926   
32330.0   0.729444683599   
32350.0   0.728583727938   
32370.0   0.73073611709   
32390.0   0.732673267327   
32410.0   0.734179939733   
32430.0   0.736978045631   
32450.0   0.74149806285   
32470.0   0.749677141627   
32490.0   0.755703831253   
32510.0   0.761300043048   
32530.0   0.770124838571   
32550.0   0.778303917348   
32570.0   0.786698235041   
32590.0   0.796383986225   
32610.0   0.804563065002   
32630.0   0.812957382695   
32650.0   0.821566939303   
32670.0   0.828454584589   
32700.0   0.836633663366   
32720.0   0.846534653465   
32740.0   0.852561343091   
32760.0   0.859233749462   
32780.0   0.865906155833   
32800.0   0.868489022815   
32820.0   0.87365475678   
32840.0   0.876668101593   
32860.0   0.875807145932   
32880.0   0.877313818338   
32900.0   0.879681446406   
32920.0   0.881618596642   
32940.0   0.880327163151   
32970.0   0.879250968575   
32990.0   0.87903572966   
33010.0   0.87408523461   
33030.0   0.873009040034   
33050.0   0.87365475678   
33070.0   0.8682737839   
33090.0   0.866551872579   
33110.0   0.865906155833   
33130.0   0.863538527766   
33160.0   0.863108049935   
33180.0   0.859448988377   
33200.0   0.853852776582   
33220.0   0.853207059836   
33240.0   0.854713732243   
33260.0   0.855144210073   
33280.0   0.855144210073   
33300.0   0.853207059836   
33330.0   0.853637537667   
33350.0   0.85708136031   
33370.0   0.857296599225   
33390.0   0.856866121395   
33410.0   0.858372793801   
33430.0   0.857942315971   
33450.0   0.85751183814   
33480.0   0.858157554886   
33500.0   0.859448988377   
33520.0   0.859233749462   
33540.0   0.858372793801   
33560.0   0.857727077056   
33580.0   0.854498493328   
33610.0   0.854498493328   
33630.0   0.854498493328   
33650.0   0.851915626345   
33670.0   0.853207059836   
33690.0   0.851054670684   
33720.0   0.843951786483   
33740.0   0.846104175635   
33760.0   0.848902281533   
33780.0   0.846965131296   
33800.0   0.847395609126   
33830.0   0.847610848041   
33850.0   0.847826086957   
33870.0   0.85213086526   
33890.0   0.856005165734   
33910.0   0.861170899699   
33940.0   0.865906155833   
33960.0   0.869134739561   
33980.0   0.877313818338   
34000.0   0.883340507964   
34030.0   0.887430047353   
34050.0   0.89560912613   
34070.0   0.899913904434   
34090.0   0.902927249247   
34110.0   0.910675850194   
34140.0   0.916272061989   
34160.0   0.915626345243   
34180.0   0.917348256565   
34200.0   0.922513990529   
34230.0   0.924451140766   
34250.0   0.926173052088   
34270.0   0.927464485579   
34300.0   0.921653034869   
34320.0   0.916056823074   
34340.0   0.916056823074   
34360.0   0.914119672837   
34390.0   0.908523461042   
34410.0   0.903572965992   
34430.0   0.898191993112   
34450.0   0.893456736978   
34480.0   0.88979767542   
34500.0   0.884631941455   
34520.0   0.881618596642   
34550.0   0.87903572966   
34570.0   0.874946190271   
34590.0   0.873869995695   
34620.0   0.87365475678   
34640.0   0.87365475678   
34660.0   0.875161429186   
34690.0   0.875161429186   
34710.0   0.874730951356   
34730.0   0.877098579423   
34760.0   0.881403357727   
34780.0   0.885492897116   
34800.0   0.89065863108   
34830.0   0.897331037452   
34850.0   0.902066293586   
34870.0   0.908308222127   
34900.0   0.915195867413   
34920.0   0.919070167886   
34940.0   0.925096857512   
34970.0   0.932199741713   
34990.0   0.938011192424   
35010.0   0.945544554455   
35040.0   0.95027981059   
35060.0   0.95027981059   
35080.0   0.953077916487   
35110.0   0.960826517434   
35130.0   0.966422729229   
35160.0   0.969651312957   
35180.0   0.97266465777   
35200.0   0.974171330176   
35230.0   0.975247524752   
35250.0   0.976754197159   
35280.0   0.977399913904   
35300.0   0.979337064141   
35320.0   0.981274214378   
35350.0   0.979552303056   
35370.0   0.975032285837   
35400.0   0.972879896685   
35420.0   0.973310374516   
35440.0   0.970942746449   
35470.0   0.968359879466   
35490.0   0.968144640551   
35520.0   0.966637968145   
35540.0   0.964485578993   
35570.0   0.96147223418   
35590.0   0.958674128282   
35610.0   0.958889367198   
35640.0   0.958889367198   
35660.0   0.958028411537   
35690.0   0.955230305639   
35710.0   0.952216960827   
35740.0   0.95027981059   
35760.0   0.95027981059   
35790.0   0.952001721911   
35810.0   0.951356005166   
35840.0   0.95027981059   
35860.0   0.952432199742   
35890.0   0.95566078347   
35910.0   0.958243650452   
35940.0   0.960396039604   
35960.0   0.962117950926   
35990.0   0.963839862247   
36010.0   0.963409384417   
36040.0   0.962978906586   
36060.0   0.963839862247   
36090.0   0.963194145502   
36110.0   0.965346534653   
36140.0   0.968359879466   
36160.0   0.96728368489   
36190.0   0.96685320706   
36210.0   0.966207490314   
36240.0   0.966207490314   
36260.0   0.967068445975   
36290.0   0.964055101162   
36310.0   0.960180800689   
36340.0   0.957813172622   
36360.0   0.954584588894   
36390.0   0.951786482996   
36410.0   0.950064571675   
36440.0   0.945544554455   
36470.0   0.941239776152   
36490.0   0.93951786483   
36520.0   0.934997847611   
36540.0   0.931554024968   
36570.0   0.932199741713   
36590.0   0.928110202325   
36620.0   0.92294446836   
36650.0   0.921653034869   
36670.0   0.921007318123   
36700.0   0.921222557038   
36720.0   0.923159707275   
36750.0   0.922729229445   
36780.0   0.921007318123   
36800.0   0.923159707275   
36830.0   0.92875591907   
36850.0   0.931123547137   
36880.0   0.931769263883   
36910.0   0.935858803272   
36930.0   0.941239776152   
36960.0   0.945975032286   
36990.0   0.950064571675   
37010.0   0.953723633233   
37040.0   0.956306500215   
37070.0   0.960611278519   
37090.0   0.968575118381   
37120.0   0.975893241498   
37150.0   0.979337064141   
37170.0   0.980628497632   
37200.0   0.981919931124   
37230.0   0.984072320276   
37250.0   0.987731381834   
37280.0   0.991820921223   
37310.0   0.993758071459   
37330.0   0.99418854929   
37360.0   0.996125699526   
37390.0   0.997201894102   
37410.0   0.998493327594   
37440.0   1.0   
37470.0   0.999354283254   
37490.0   0.998278088678   
37520.0   0.996340938442   
37550.0   0.996125699526   
37580.0   0.996986655187   
37600.0   0.992897115799   
37630.0   0.988161859664   
37660.0   0.986439948343   
37690.0   0.985794231597   
37710.0   0.983211364615   
37740.0   0.979337064141   
37770.0   0.97847610848   
37790.0   0.977399913904   
37820.0   0.973740852346   
37850.0   0.969866551873   
37880.0   0.969436074042   
37910.0   0.969651312957   
37930.0   0.967929401636   
37960.0   0.968359879466   
37990.0   0.967498923805   
38020.0   0.964485578993   
38040.0   0.96685320706   
38070.0   0.967929401636   
38100.0   0.962763667671   
38130.0   0.96104175635   
38160.0   0.96104175635   
38180.0   0.959104606113   
38210.0   0.956952216961   
38240.0   0.952647438657   
38270.0   0.948342660353   
38300.0   0.947696943607   
38330.0   0.944468359879   
38350.0   0.938656909169   
38380.0   0.936504520017   
38410.0   0.931984502798   
38440.0   0.923590185105   
38470.0   0.918639690056   
38500.0   0.914334911752   
38530.0   0.908523461042   
38550.0   0.905294877314   
38580.0   0.902066293586   
38610.0   0.899483426604   
38640.0   0.900344382264   
38670.0   0.903142488162   
38700.0   0.90680154972   
38730.0   0.910891089109   
38760.0   0.916056823074   
38780.0   0.921437795954   
38810.0   0.927249246664   
38840.0   0.932845458459   
38870.0   0.939733103745   
38900.0   0.94489883771   
38930.0   0.947051226862   
38960.0   0.944683598795   
38990.0   0.936719758932   
39020.0   0.924881618597   
39050.0   0.903572965992   
39080.0   0.871287128713   
39110.0   0.832544123978   
39140.0   0.781747739991   
39170.0   0.7195436935   
39190.0   0.648945329316   
39220.0   0.571889797675   
39250.0   0.493327593629   
39280.0   0.416917778734   
39310.0   0.345458458889   
39340.0   0.28002582867   
39370.0   0.223202755058   
39400.0   0.175850193715   
39430.0   0.136719758932   
39460.0   0.105876022385   
39490.0   0.081898407232   
39520.0   0.0630865260439   
39550.0   0.0486439948343   
39580.0   0.0377313818338   
39610.0   0.0293585880327   
39640.0   0.0226431338786   
39670.0   0.0174817046922   
39700.0   0.0137903572966   
39740.0   0.0109965561774   
39770.0   0.00864829961257   
39800.0   0.00672406371072   
39830.0   0.00528842014636   
39860.0   0.00435858803272   
39890.0   0.00380757640981   
39920.0   0.00331898407232   
39950.0   0.00266035299182   
39980.0   0.00198880757641   
40010.0   0.00163366336634   
40040.0   0.00149806284976   
40070.0   0.00124192854068   
40100.0   0.000901851054671   
40140.0   0.000800688764529   
40170.0   0.000951356005166   
40200.0   0.00102453723633   
40230.0   0.000921222557038   
40260.0   0.000897546276367   
40290.0   0.00103099440379   
40320.0   0.00109126130004   
40350.0   0.00100516573396   
40390.0   0.00092337494619   
40420.0   0.000906155832975   
40450.0   0.000940594059406   
40480.0   0.000968575118381   
40510.0   0.000966422729229   
40540.0   0.00101808006888   
40570.0   0.00108265174344   
40610.0   0.00105467068446   
40640.0   0.000947051226862   
40670.0   0.00091261300043   
40700.0   0.000959965561774   
40730.0   0.000886784330607   
40770.0   0.000650021523892   
40800.0   0.00050581145071   
40830.0   0.000529487731382   
40860.0   0.000492897115799   
40890.0   0.000430477830392   
40930.0   0.000490744726647   
40960.0   0.000553164012053   
40990.0   0.000447696943607   
41020.0   0.000279810589755   
41060.0   0.000236762806715   
41090.0   0.000363753766681   
41120.0   0.000548859233749   
41150.0   0.000641411967284   
41190.0   0.000628497632372   
41220.0   0.000523030563926   
41250.0   0.000391734825656   
41290.0   0.000389582436505   
41320.0   0.000413258717176   
41350.0   0.000352991820921   
41380.0   0.000678002582867   
41420.0   0.000781317262161   
41450.0   0.000678002582867   
41480.0   0.00050581145071   
41520.0   0.000701678863539   
41550.0   0.000387430047353   
41580.0   0.000314248816186   
41620.0   0.000249677141627   
41650.0   0.000391734825656   
