#wavelength (A)   trans   
1666666.7   0.000334   
1669449.1   0.0002594   
1672240.8   0.0001848   
1674761.3   0.0001067   
1677570.9   1.655e-05   
1680389.9   -7.36e-05   
1683218.3   -0.000118   
1685772.1   -0.000137   
1688618.7   -0.000147   
1691475.0   -3.85e-05   
1694340.9   6.995e-05   
1697216.6   0.0001806   
1699813.0   0.0002937   
1702707.3   0.0004067   
1705611.5   0.0004133   
1708525.5   0.0004101   
1711449.6   0.000418   
1714089.8   0.0004472   
1717033.0   0.0004764   
1719986.2   0.0005811   
1722949.7   0.0007091   
1725625.5   0.0007894   
1728608.5   0.0006644   
1731601.7   0.0005393   
1734605.4   0.0004018   
1737619.5   0.0002564   
1740341.1   0.0001162   
1743375.2   0.0001102   
1746419.8   0.0001043   
1749475.2   0.0001282   
1752541.2   0.0001869   
1755309.8   0.0002456   
1758396.3   0.0002062   
1761493.7   0.0001542   
1764602.1   0.000108   
1767409.7   7.445e-05   
1770538.2   4.095e-05   
1773678.6   0.0002015   
1776830.1   0.000432   
1779992.9   0.0006346   
1782849.0   0.0006912   
1786033.2   0.0007477   
1789228.8   0.0005804   
1792435.9   0.0002536   
1795654.5   -7.033e-05   
1798561.2   -7.06e-05   
1801801.8   -7.087e-05   
1805054.2   0.0001205   
1808318.3   0.0005628   
1811266.1   0.001005   
1814552.7   0.001119   
1817851.3   0.001179   
1821161.9   0.001144   
1824484.6   0.0008658   
1827485.4   0.000588   
1830831.2   0.0005691   
1834189.3   0.0006581   
1837559.7   0.0007583   
1840942.6   0.0009327   
1843997.8   0.001107   
1847404.4   0.001298   
1850823.6   0.001501   
1854255.5   0.001705   
1857355.1   0.002002   
1860811.3   0.002301   
1864280.4   0.002442   
1867762.4   0.002349   
1871257.5   0.002256   
1874414.2   0.002128   
1877934.3   0.001991   
1881467.5   0.001931   
1885014.1   0.002097   
1888574.1   0.002262   
1891789.6   0.00241   
1895375.3   0.002548   
1898974.6   0.002667   
1902587.5   0.00261   
1905851.0   0.002553   
1909490.2   0.002445   
1913143.3   0.00229   
1916810.4   0.002135   
1920491.6   0.002351   
1923816.9   0.002588   
1927525.1   0.002874   
1931247.6   0.003244   
1934984.5   0.003613   
1938360.1   0.003841   
1942124.7   0.004033   
1945903.9   0.004257   
1949697.8   0.004597   
1953506.5   0.004936   
1956947.2   0.005476   
1960784.3   0.006124   
1964636.5   0.006754   
1968503.9   0.007138   
1972386.6   0.007523   
1975894.1   0.008016   
1979806.0   0.00862   
1983733.4   0.009223   
1987676.4   0.01022   
1991238.6   0.01126   
1995211.5   0.01239   
1999200.3   0.0137   
2003205.1   0.01502   
2007226.0   0.0169   
2010858.6   0.01895   
2014910.3   0.02119   
2018978.4   0.0242   
2023062.9   0.02722   
2027164.0   0.03066   
2030869.2   0.03436   
2035002.0   0.03815   
2039151.7   0.04404   
2043318.3   0.04993   
2047082.9   0.05668   
2051282.1   0.06439   
2055498.5   0.07211   
2059732.2   0.08292   
2063983.5   0.09409   
2067824.6   0.1072   
2072109.4   0.1243   
2076412.0   0.1414   
2080732.4   0.1597   
2085070.9   0.1785   
2088991.0   0.1969   
2093364.0   0.2137   
2097755.4   0.2306   
2102165.2   0.2498   
2106150.0   0.2706   
2110595.2   0.2915   
2115059.2   0.3176   
2119542.2   0.3437   
2124044.2   0.3666   
2128112.4   0.3854   
2132650.9   0.4041   
2137208.8   0.41   
2141786.2   0.4138   
2146383.3   0.418   
2150537.6   0.4233   
2155172.4   0.4285   
2159827.2   0.4344   
2164502.2   0.4406   
2168727.0   0.4465   
2173440.6   0.4506   
2178174.7   0.4547   
2182929.5   0.4568   
2187705.1   0.4574   
2192021.0   0.4579   
2196836.6   0.4654   
2201673.3   0.4729   
2206531.3   0.4771   
2210922.0   0.4763   
2215821.0   0.4755   
2220741.7   0.4722   
2225684.4   0.4684   
2230649.1   0.4653   
2235136.3   0.4647   
2240143.4   0.464   
2245172.9   0.4747   
2250225.0   0.4908   
2255300.0   0.506   
2259887.0   0.5143   
2265005.7   0.5227   
2270147.6   0.5232   
2275312.9   0.5169   
2279981.8   0.5106   
2285192.0   0.5086   
2290426.0   0.5069   
2295684.1   0.5118   
2300966.4   0.5277   
2305741.3   0.5436   
2311070.0   0.5543   
2316423.4   0.5637   
2321801.7   0.5716   
2327205.0   0.5741   
2332089.6   0.5766   
2337540.9   0.5774   
2343017.8   0.5773   
2348520.4   0.5776   
2353494.9   0.5824   
2359046.9   0.5873   
2364625.2   0.5871   
2370229.9   0.5818   
2375861.2   0.5766   
2380952.4   0.5764   
2386634.8   0.5767   
2392344.5   0.5807   
2398081.5   0.5919   
2403846.2   0.603   
2409058.1   0.6128   
2414875.6   0.6222   
2420721.4   0.6274   
2426595.5   0.6155   
2431906.6   0.6036   
2437835.2   0.5931   
2443792.8   0.5835   
2449779.5   0.5747   
2455795.7   0.5815   
2461235.5   0.5883   
2467308.2   0.598   
2473410.8   0.6109   
2479543.8   0.6238   
2485707.2   0.6211   
2491280.5   0.6166   
2497502.5   0.6108   
2503755.6   0.6022   
2510040.2   0.5936   
2515723.3   0.595   
2522068.1   0.5999   
2528445.0   0.6047   
2534854.2   0.6098   
2541296.1   0.6149   
2547121.8   0.6176   
2553626.1   0.6188   
2560163.9   0.6201   
2566735.1   0.627   
2573340.2   0.6339   
2579313.9   0.6409   
2585984.0   0.648   
2592688.6   0.6551   
2599428.1   0.6493   
2605523.7   0.6415   
2612330.2   0.6327   
2619172.3   0.6213   
2626050.4   0.6099   
2632964.7   0.614   
2639218.8   0.6242   
2646202.7   0.6358   
2653223.7   0.6594   
2660282.0   0.6774   
2666666.7   0.6825   
2673796.8   0.6749   
2680965.1   0.6586   
2688172.0   0.635   
2695417.8   0.6169   
2701972.4   0.6106   
2709292.9   0.6038   
2716653.1   0.6149   
2724053.4   0.6257   
2731494.1   0.6293   
2738225.6   0.636   
2745744.1   0.6352   
2753304.0   0.6271   
2760905.6   0.6131   
2767783.0   0.6029   
2775464.9   0.5984   
2783189.5   0.5974   
2790957.3   0.5854   
2798768.5   0.5762   
2805836.1   0.5644   
2813731.0   0.5456   
2821670.4   0.5217   
2829654.8   0.5058   
2837684.4   0.47   
2844950.2   0.4646   
2853067.0   0.4955   
2861230.3   0.4522   
2869440.5   0.4563   
2876870.0   0.4339   
2885170.2   0.4002   
2893518.5   0.3548   
2901915.3   0.3111   
2910360.9   0.2616   
2918004.1   0.2198   
2926543.8   0.1828   
2935133.5   0.1484   
2943773.9   0.08516   
2952465.3   0.03844   
2960331.6   0.02109   
2969121.1   0.01266   
2977963.1   0.007858   
2986857.8   0.00507   
2994908.7   0.004125   
3003905.1   0.00346   
3012955.7   0.003132   
3022061.0   0.002967   
3031221.6   0.002835   
3039513.7   0.002693   
3048780.5   0.002553   
3058104.0   0.002348   
3067484.7   0.002123   
3076923.1   0.00191   
3085467.4   0.001664   
3095017.0   0.001483   
3104625.9   0.001318   
3114294.6   0.001168   
3123048.1   0.001027   
3132832.1   0.0008874   
3142677.6   0.0007455   
3152585.1   0.0006231   
3162555.3   0.000518   
3171582.6   0.0004272   
3181673.6   0.0003585   
3191828.9   0.0003132   
3202049.3   0.0002757   
3211303.8   0.0002528   
3221649.5   0.0002341   
3232062.1   0.0002188   
3242542.2   0.0001999   
3253090.4   0.0001815   
3262642.7   0.0001619   
3273322.4   0.0001463   
3284072.2   0.0001307   
3294892.9   0.0001165   
3305785.1   0.0001075   
3315649.9   9.929e-05   
3326680.9   9.242e-05   
3337783.7   8.721e-05   
3348961.8   8.2e-05   
3359086.3   7.609e-05   
3370407.8   7.004e-05   
3381805.9   6.363e-05   
3393281.3   5.822e-05   
3404834.9   5.429e-05   
3415300.5   5.07e-05   
3427004.8   4.814e-05   
3438789.5   4.61e-05   
3450655.6   4.359e-05   
3462603.9   4.001e-05   
3473428.3   3.611e-05   
3485535.3   3.236e-05   
3497726.5   2.882e-05   
3510003.5   2.61e-05   
3521126.8   2.488e-05   
3533568.9   2.422e-05   
3546099.3   2.385e-05   
3558718.9   2.285e-05   
3571428.6   2.174e-05   
3582945.2   1.953e-05   
3595828.8   1.694e-05   
3608805.5   1.499e-05   
3621876.1   1.369e-05   
3635041.8   1.247e-05   
3646973.1   1.219e-05   
3660322.1   1.188e-05   
3673769.3   1.181e-05   
3687315.6   1.161e-05   
3699593.1   1.14e-05   
3713330.9   1.053e-05   
3727171.1   9.575e-06   
3741114.9   8.556e-06   
3755163.3   7.601e-06   
3767897.5   6.703e-06   
3782148.3   6.259e-06   
3796507.2   6e-06   
3810975.6   5.54e-06   
3825554.7   4.839e-06   
3838771.6   4.174e-06   
3853564.5   3.796e-06   
3868472.3   3.574e-06   
3883495.1   3.621e-06   
3897116.1   4.024e-06   
3912363.1   4.55e-06   
3927729.8   5.021e-06   
3943217.7   5.32e-06   
3958828.2   5.574e-06   
3972983.7   5.723e-06   
3988831.3   5.88e-06   
4004805.8   5.848e-06   
4020908.7   5.855e-06   
4037141.7   5.928e-06   
4051863.9   6.36e-06   
4068348.3   7.018e-06   
4084967.3   7.822e-06   
4101722.7   8.619e-06   
4116920.5   9.365e-06   
4133939.6   9.664e-06   
4151100.9   9.707e-06   
4168403.5   9.771e-06   
4185851.8   9.594e-06   
4201680.7   9.462e-06   
4219409.3   9.413e-06   
4237288.1   9.381e-06   
4255319.1   9.277e-06   
4271678.8   9.194e-06   
4290004.3   9.058e-06   
4308487.7   8.967e-06   
4327131.1   8.761e-06   
4345936.5   8.631e-06   
4363001.7   8.231e-06   
4382120.9   8.011e-06   
4401408.5   7.89e-06   
4420866.5   7.784e-06   
4440497.3   7.456e-06   
4458314.8   7.06e-06   
4478280.3   6.739e-06   
4498425.6   6.122e-06   
4518752.8   5.664e-06   
4537205.1   5.22e-06   
4557885.1   4.812e-06   
4578754.6   4.392e-06   
4599816.4   4.198e-06   
4621072.1   4.069e-06   
4640371.2   3.887e-06   
4662004.7   3.731e-06   
4683840.7   3.433e-06   
4705882.4   3.124e-06   
4728132.4   2.783e-06   
4748338.1   2.453e-06   
4770992.4   2.158e-06   
4793863.9   1.988e-06   
4816955.7   1.797e-06   
4837929.4   1.739e-06   
4861448.7   1.666e-06   
4885197.9   1.6e-06   
4909180.2   1.484e-06   
4933399.1   1.329e-06   
4955401.4   1.148e-06   
4980079.7   9.477e-07   
5005005.7   7.888e-07   
5030181.1   6.745e-07   
5055611.7   5.737e-07   
5078720.2   5.104e-07   
5104645.2   4.887e-07   
5130836.3   4.733e-07   
5157297.6   5.036e-07   
5181347.2   5.543e-07   
5208333.3   6.092e-07   
5235602.1   6.674e-07   
5263157.9   7.189e-07   
5291005.3   7.327e-07   
5316321.1   7.482e-07   
5344735.4   7.69e-07   
5373455.1   8.239e-07   
5402485.1   8.843e-07   
5431830.5   9.844e-07   
5458515.3   1.099e-06   
5488474.2   1.133e-06   
5518763.8   1.165e-06   
5549389.6   1.227e-06   
5577244.8   1.225e-06   
5608525.1   1.265e-06   
5640157.9   1.336e-06   
5672149.7   1.304e-06   
5704506.6   1.243e-06   
5733945.1   1.172e-06   
5767012.7   1.083e-06   
5800464.1   1.033e-06   
5834305.7   1.052e-06   
5865102.6   1.056e-06   
5899705.1   1.112e-06   
5934718.1   1.179e-06   
5970149.3   1.19e-06   
6006006.1   1.171e-06   
6038647.3   1.184e-06   
6075334.1   1.18e-06   
6112469.4   1.175e-06   
6150061.5   1.19e-06   
6188118.8   1.217e-06   
6222775.4   1.254e-06   
6261740.8   1.277e-06   
6301197.2   1.231e-06   
6341154.1   1.187e-06   
6377551.1   1.117e-06   
6418485.2   1.013e-06   
6459948.3   9.179e-07   
6501950.6   8.636e-07   
6544502.6   8.268e-07   
6583278.5   8.997e-07   
6626905.2   1.015e-06   
6671114.1   1.076e-06   
6715916.7   1.145e-06   
6761325.2   1.142e-06   
6802721.1   1.095e-06   
6849315.1   9.74e-07   
6896551.7   8.506e-07   
6944444.4   7.446e-07   
6988120.2   6.786e-07   
7037297.7   6.788e-07   
7087172.2   7.584e-07   
7137758.7   8.108e-07   
7189072.6   8.599e-07   
7235890.8   8.749e-07   
7288629.7   8.491e-07   
7342143.9   7.71e-07   
7396449.7   6.928e-07   
7451564.8   6.699e-07   
7501875.5   6.539e-07   
7558579.6   6.496e-07   
7616146.2   6.89e-07   
7674597.1   7.34e-07   
7727975.3   7.615e-07   
7788162.7   7.553e-07   
7849293.6   7.941e-07   
7911392.4   8.039e-07   
7974481.7   8.784e-07   
8032128.5   9.236e-07   
8097166.9   9.686e-07   
8163265.3   1.068e-06   
8230452.7   1.165e-06   
8298755.2   1.211e-06   
8361204.1   1.262e-06   
8431703.2   1.286e-06   
8503401.4   1.24e-06   
8576329.3   1.171e-06   
8643042.4   1.067e-06   
8718395.8   1.089e-06   
8795074.8   1.129e-06   
8873114.5   1.16e-06   
8952551.5   1.099e-06   
9025270.8   1.15e-06   
9107468.1   1.441e-05   
9191176.5   1.444e-05   
9276437.8   1.474e-05   
9363295.9   1.418e-05   
9442870.6   1.312e-05   
9532888.5   1.194e-05   
9624639.1   1.203e-05   
9718173.1   1.192e-05   
9803921.6   1.118e-05   
9900990.1   1.095e-05   
10000000.0   1.008e-05   
