#-- wesselius, 1980, Ultraviolet colours of Main-Sequence stars
1724.49   0.0
1724.5   1.596915   
1726.00505051   1.60845873737   
1727.51010101   1.62000247475   
1729.01515152   1.63154621212   
1730.52020202   1.64308994949   
1732.02525253   1.65463368687   
1733.53030303   1.66617742424   
1735.03535354   1.67772116162   
1736.54040404   1.68926489899   
1738.04545455   1.70080863636   
1739.55050505   1.71235237374   
1741.05555556   1.72389611111   
1742.56060606   1.73543984848   
1744.06565657   1.74698358586   
1745.57070707   1.75852732323   
1747.07575758   1.77007106061   
1748.58080808   1.78161479798   
1750.08585859   1.79315853535   
1751.59090909   1.80470227273   
1753.0959596   1.8162460101   
1754.6010101   1.82778974747   
1756.10606061   1.83933348485   
1757.61111111   1.85087722222   
1759.11616162   1.8624209596   
1760.62121212   1.87396469697   
1762.12626263   1.88550843434   
1763.63131313   1.89705217172   
1765.13636364   1.90859590909   
1766.64141414   1.92013964646   
1768.14646465   1.93168338384   
1769.65151515   1.94322712121   
1771.15656566   1.95477085859   
1772.66161616   1.96631459596   
1774.16666667   1.97785833333   
1775.67171717   1.98940207071   
1777.17676768   2.00094580808   
1778.68181818   2.01248954545   
1780.18686869   2.02403328283   
1781.69191919   2.0355770202   
1783.1969697   2.04712075758   
1784.7020202   2.05866449495   
1786.20707071   2.07020823232   
1787.71212121   2.0817519697   
1789.21717172   2.09329570707   
1790.72222222   2.10483944444   
1792.22727273   2.11638318182   
1793.73232323   2.12792691919   
1795.23737374   2.13947065657   
1796.74242424   2.15101439394   
1798.24747475   2.16255813131   
1799.75252525   2.17410186869   
1801.25757576   2.18564560606   
1802.76262626   2.19718934343   
1804.26767677   2.20873308081   
1805.77272727   2.22027681818   
1807.27777778   2.23182055556   
1808.78282828   2.24336429293   
1810.28787879   2.2549080303   
1811.79292929   2.26645176768   
1813.2979798   2.27799550505   
1814.8030303   2.28953924242   
1816.30808081   2.3010829798   
1817.81313131   2.31262671717   
1819.31818182   2.32417045455   
1820.82323232   2.33571419192   
1822.32828283   2.34725792929   
1823.83333333   2.35880166667   
1825.33838384   2.37034540404   
1826.84343434   2.38188914141   
1828.34848485   2.39343287879   
1829.85353535   2.40497661616   
1831.35858586   2.41652035354   
1832.86363636   2.42806409091   
1834.36868687   2.43960782828   
1835.87373737   2.45115156566   
1837.37878788   2.46269530303   
1838.88383838   2.4742390404   
1840.38888889   2.48578277778   
1841.89393939   2.49732651515   
1843.3989899   2.50887025253   
1844.9040404   2.5204139899   
1846.40909091   2.53195772727   
1847.91414141   2.54350146465   
1849.41919192   2.55504520202   
1850.92424242   2.56658893939   
1852.42929293   2.57813267677   
1853.93434343   2.58967641414   
1855.43939394   2.60122015152   
1856.94444444   2.61276388889   
1858.44949495   2.62430762626   
1859.95454545   2.63585136364   
1861.45959596   2.64739510101   
1862.96464646   2.65893883838   
1864.46969697   2.67048257576   
1865.97474747   2.68202631313   
1867.47979798   2.69357005051   
1868.98484848   2.70511378788   
1870.48989899   2.71665752525   
1871.99494949   2.72820126263   
1873.5   2.739745   
1873.51   0.0