# http://david.elbaz3.free.fr/astro_codes/howto_filters.htm
#wave   response   
56180.0   0.000576377952756   
56240.0   0.000365354330709   
56300.0   0.000355905511811   
56360.0   0.000349606299213   
56430.0   0.000349606299213   
56490.0   0.000390551181102   
56550.0   0.000412598425197   
56610.0   0.000286614173228   
56670.0   0.00031811023622   
56730.0   0.000551181102362   
56800.0   0.00056062992126   
56860.0   0.00020157480315   
56920.0   0.000343307086614   
56980.0   0.000513385826772   
57050.0   0.000346456692913   
57110.0   0.000308661417323   
57170.0   0.000217322834646   
57230.0   0.000491338582677   
57300.0   0.000566929133858   
57360.0   0.000557480314961   
57420.0   0.000588976377953   
57490.0   0.000374803149606   
57550.0   0.000437795275591   
57620.0   0.000286614173228   
57680.0   0.000557480314961   
57740.0   0.000182677165354   
57810.0   0.00035905511811   
57870.0   0.000422047244094   
57940.0   0.00105511811024   
58000.0   0.000374803149606   
58070.0   0.000368503937008   
58130.0   0.000648818897638   
58200.0   0.000544881889764   
58260.0   0.000425196850394   
58330.0   0.000412598425197   
58390.0   0.000248818897638   
58460.0   0.000393700787402   
58530.0   0.00114330708661   
58590.0   0.00135748031496   
58660.0   0.00102047244094   
58730.0   0.000699212598425   
58790.0   0.000437795275591   
58860.0   0.000286614173228   
58930.0   0.000683464566929   
58990.0   0.000179527559055   
59060.0   0.000431496062992   
59130.0   3.77952755906e-05   
59190.0   0.000897637795276   
59260.0   0.00114330708661   
59330.0   0.00087874015748   
59400.0   0.000891338582677   
59470.0   0.000850393700787   
59530.0   0.00088188976378   
59600.0   0.000869291338583   
59670.0   0.000686614173228   
59740.0   0.000129133858268   
59810.0   0.000431496062992   
59880.0   0.000138582677165   
59950.0   0.00100157480315   
60020.0   0.000459842519685   
60090.0   0.000620472440945   
60160.0   0.000645669291339   
60230.0   0.000705511811024   
60300.0   0.00145826771654   
60370.0   0.00131653543307   
60440.0   0.000781102362205   
60510.0   0.000277165354331   
60580.0   0.000617322834646   
60650.0   0.00114645669291   
60720.0   0.000116535433071   
60790.0   0.000771653543307   
60860.0   0.000853543307087   
60930.0   0.00124094488189   
61010.0   0.000948031496063   
61080.0   0.00139527559055   
61150.0   0.00103307086614   
61220.0   0.000803149606299   
61290.0   0.000674015748031   
61370.0   0.000579527559055   
61440.0   0.00099842519685   
61510.0   0.000554330708661   
61590.0   0.000645669291339   
61660.0   0.000894488188976   
61730.0   0.000677165354331   
61810.0   0.000459842519685   
61880.0   0.000466141732283   
61950.0   0.000771653543307   
62030.0   0.000872440944882   
62100.0   0.00101102362205   
62180.0   0.000708661417323   
62250.0   0.000444094488189   
62330.0   0.000406299212598   
62400.0   0.000793700787402   
62480.0   0.000812598425197   
62550.0   0.00102992125984   
62630.0   0.0016031496063   
62700.0   0.00102047244094   
62780.0   0.00117165354331   
62850.0   0.00205669291339   
62930.0   0.00170393700787   
63010.0   0.00135118110236   
63080.0   0.00259527559055   
63160.0   0.00229921259843   
63240.0   0.00330078740157   
63310.0   0.00366614173228   
63390.0   0.00591181102362   
63470.0   0.00811653543307   
63550.0   0.0148188976378   
63630.0   0.0274834645669   
63700.0   0.0476220472441   
63780.0   0.0737952755906   
63860.0   0.10674015748   
63940.0   0.147811023622   
64020.0   0.192346456693   
64100.0   0.23757480315   
64180.0   0.284   
64260.0   0.330708661417   
64340.0   0.384251968504   
64420.0   0.442834645669   
64500.0   0.494488188976   
64580.0   0.532913385827   
64660.0   0.556535433071   
64740.0   0.571968503937   
64820.0   0.584251968504   
64900.0   0.59842519685   
64980.0   0.618267716535   
65060.0   0.63905511811   
65140.0   0.659212598425   
65230.0   0.67937007874   
65310.0   0.695118110236   
65390.0   0.708346456693   
65470.0   0.72062992126   
65560.0   0.725354330709   
65640.0   0.727874015748   
65720.0   0.732283464567   
65810.0   0.733858267717   
65890.0   0.738267716535   
65970.0   0.742047244094   
66060.0   0.742677165354   
66140.0   0.742992125984   
66230.0   0.739212598425   
66310.0   0.736377952756   
66400.0   0.735748031496   
66480.0   0.732913385827   
66570.0   0.732283464567   
66650.0   0.729763779528   
66740.0   0.71937007874   
66820.0   0.705826771654   
66910.0   0.693543307087   
67000.0   0.687559055118   
67080.0   0.691653543307   
67170.0   0.705511811024   
67260.0   0.723149606299   
67340.0   0.740157480315   
67430.0   0.751496062992   
67520.0   0.754330708661   
67610.0   0.753070866142   
67700.0   0.753070866142   
67780.0   0.755905511811   
67870.0   0.764724409449   
67960.0   0.774488188976   
68050.0   0.780787401575   
68140.0   0.788346456693   
68230.0   0.795275590551   
68320.0   0.797795275591   
68410.0   0.79811023622   
68500.0   0.79905511811   
68590.0   0.802519685039   
68680.0   0.803464566929   
68770.0   0.80157480315   
68860.0   0.802204724409   
68960.0   0.802834645669   
69050.0   0.80157480315   
69140.0   0.79874015748   
69230.0   0.794960629921   
69320.0   0.791496062992   
69420.0   0.788976377953   
69510.0   0.789921259843   
69600.0   0.795275590551   
69700.0   0.80094488189   
69790.0   0.803779527559   
69890.0   0.803149606299   
69980.0   0.796850393701   
70070.0   0.785196850394   
70170.0   0.774803149606   
70260.0   0.764724409449   
70360.0   0.762204724409   
70450.0   0.769763779528   
70550.0   0.775748031496   
70650.0   0.779842519685   
70740.0   0.781417322835   
70840.0   0.776692913386   
70940.0   0.771338582677   
71030.0   0.768188976378   
71130.0   0.769133858268   
71230.0   0.774173228346   
71330.0   0.781732283465   
71430.0   0.792125984252   
71520.0   0.79811023622   
71620.0   0.795905511811   
71720.0   0.788346456693   
71820.0   0.778897637795   
71920.0   0.771653543307   
72020.0   0.769448818898   
72120.0   0.772598425197   
72220.0   0.778582677165   
72320.0   0.789291338583   
72420.0   0.802519685039   
72520.0   0.813228346457   
72630.0   0.820787401575   
72730.0   0.823937007874   
72830.0   0.822992125984   
72930.0   0.818897637795   
73030.0   0.813858267717   
73140.0   0.809133858268   
73240.0   0.807244094488   
73340.0   0.806929133858   
73450.0   0.807559055118   
73550.0   0.811023622047   
73660.0   0.817322834646   
73760.0   0.824881889764   
73870.0   0.831181102362   
73970.0   0.835590551181   
74080.0   0.83937007874   
74180.0   0.84   
74290.0   0.837165354331   
74400.0   0.830551181102   
74500.0   0.821102362205   
74610.0   0.813543307087   
74720.0   0.808818897638   
74830.0   0.809763779528   
74930.0   0.820157480315   
75040.0   0.837795275591   
75150.0   0.859842519685   
75260.0   0.877480314961   
75370.0   0.889133858268   
75480.0   0.898582677165   
75590.0   0.902047244094   
75700.0   0.903937007874   
75810.0   0.910551181102   
75920.0   0.915590551181   
76030.0   0.92094488189   
76140.0   0.924409448819   
76260.0   0.91874015748   
76370.0   0.909921259843   
76480.0   0.901102362205   
76590.0   0.892598425197   
76710.0   0.892283464567   
76820.0   0.900472440945   
76940.0   0.911181102362   
77050.0   0.923779527559   
77160.0   0.931338582677   
77280.0   0.930708661417   
77400.0   0.925669291339   
77510.0   0.91811023622   
77630.0   0.911811023622   
77740.0   0.909291338583   
77860.0   0.908976377953   
77980.0   0.912440944882   
78090.0   0.917165354331   
78210.0   0.91811023622   
78330.0   0.91842519685   
78450.0   0.92   
78570.0   0.924094488189   
78690.0   0.933228346457   
78810.0   0.944566929134   
78930.0   0.955590551181   
79050.0   0.963464566929   
79170.0   0.964409448819   
79290.0   0.96125984252   
79410.0   0.954645669291   
79530.0   0.943937007874   
79650.0   0.935748031496   
79780.0   0.932913385827   
79900.0   0.932598425197   
80020.0   0.938267716535   
80150.0   0.946456692913   
80270.0   0.952755905512   
80390.0   0.962204724409   
80520.0   0.968503937008   
80640.0   0.968188976378   
80770.0   0.969133858268   
80900.0   0.968503937008   
81020.0   0.968818897638   
81150.0   0.975118110236   
81280.0   0.981417322835   
81400.0   0.988031496063   
81530.0   0.991496062992   
81660.0   0.986771653543   
81790.0   0.980472440945   
81920.0   0.973543307087   
82050.0   0.968503937008   
82180.0   0.966614173228   
82310.0   0.971968503937   
82440.0   0.983622047244   
82570.0   0.990866141732   
82700.0   0.994330708661   
82830.0   0.996535433071   
82970.0   0.993070866142   
83100.0   0.989291338583   
83230.0   0.989921259843   
83370.0   0.993700787402   
83500.0   0.996220472441   
83640.0   0.997165354331   
83770.0   0.995590551181   
83910.0   0.985826771654   
84040.0   0.974173228346   
84180.0   0.967874015748   
84320.0   0.965984251969   
84450.0   0.970708661417   
84590.0   0.982677165354   
84730.0   0.994330708661   
84870.0   1.0   
85010.0   0.99968503937   
85150.0   0.996220472441   
85290.0   0.988661417323   
85430.0   0.980787401575   
85570.0   0.978582677165   
85710.0   0.982362204724   
85850.0   0.986141732283   
85990.0   0.986141732283   
86140.0   0.985511811024   
86280.0   0.985196850394   
86420.0   0.985511811024   
86570.0   0.983937007874   
86710.0   0.979842519685   
86860.0   0.972283464567   
87000.0   0.956535433071   
87150.0   0.935433070866   
87300.0   0.917795275591   
87440.0   0.906771653543   
87590.0   0.901732283465   
87740.0   0.905826771654   
87890.0   0.91811023622   
88040.0   0.933228346457   
88190.0   0.945826771654   
88340.0   0.951496062992   
88490.0   0.949921259843   
88640.0   0.942362204724   
88790.0   0.932598425197   
88940.0   0.927244094488   
89100.0   0.922204724409   
89250.0   0.917795275591   
89400.0   0.915590551181   
89560.0   0.910236220472   
89710.0   0.906456692913   
89870.0   0.904881889764   
90030.0   0.902047244094   
90180.0   0.899842519685   
90340.0   0.895118110236   
90500.0   0.885984251969   
90660.0   0.876535433071   
90810.0   0.867086614173   
90970.0   0.859842519685   
91130.0   0.856377952756   
91290.0   0.852283464567   
91450.0   0.847559055118   
91620.0   0.84188976378   
91780.0   0.829291338583   
91940.0   0.810708661417   
92100.0   0.785196850394   
92270.0   0.752755905512   
92430.0   0.717480314961   
92600.0   0.677795275591   
92760.0   0.633070866142   
92930.0   0.588031496063   
93100.0   0.547401574803   
93260.0   0.510236220472   
93430.0   0.474015748031   
93600.0   0.437480314961   
93770.0   0.394645669291   
93940.0   0.345511811024   
94110.0   0.297921259843   
94280.0   0.253700787402   
94450.0   0.213795275591   
94630.0   0.175433070866   
94800.0   0.13694488189   
94970.0   0.102362204724   
95150.0   0.0724094488189   
95320.0   0.0484724409449   
95500.0   0.0340157480315   
95670.0   0.0247244094488   
95850.0   0.0176692913386   
96030.0   0.0137763779528   
96210.0   0.0103937007874   
96380.0   0.00802204724409   
96560.0   0.00625196850394   
96740.0   0.00526299212598   
96920.0   0.0023842519685   
97110.0   0.0039811023622   
97290.0   0.00450393700787   
97470.0   0.00310866141732   
97650.0   0.00205354330709   
97840.0   0.00184251968504   
98020.0   0.00135433070866   
98210.0   0.00135433070866   
98400.0   0.00202834645669   
98580.0   0.000891338582677   
98770.0   0.00130078740157   
98960.0   0.00108976377953   
99150.0   0.00166299212598   
99340.0   0.00106456692913   
99530.0   0.00187716535433   
99720.0   0.000689763779528   
99910.0   0.00106141732283   
100100.0   0.000516535433071   
100300.0   0.000932283464567   
100500.0   0.00143937007874   
100700.0   0.00204094488189   
100900.0   0.00191496062992   
101100.0   0.000702362204724   
101300.0   0.000242519685039   
101500.0   0.000170078740157   
101700.0   0.000765354330709   
101900.0   0.00163149606299   
102100.0   0.00156535433071   
102300.0   0.0020062992126   
102500.0   0.00227086614173   
102700.0   0.00166614173228   
102900.0   0.00147401574803   
103100.0   0.000362204724409   
