# http://david.elbaz3.free.fr/astro_codes/howto_filters.htm
#wave   response   
15849.0   1.00462604203e-09   
15933.0   2.47058823529e-09   
16018.0   7.83045673359e-09   
16103.0   2.65985675707e-08   
16188.0   6.84982975226e-08   
16274.0   6.24586121874e-08   
16360.0   6.10332276623e-08   
16447.0   5.69519783961e-08   
16534.0   5.56533990842e-08   
16622.0   5.69519783961e-08   
16710.0   6.10332276623e-08   
16799.0   6.24586121874e-08   
16888.0   6.10332276623e-08   
16978.0   5.56533990842e-08   
17068.0   5.19314312551e-08   
17159.0   4.62745098039e-08   
17250.0   4.41869202771e-08   
17341.0   4.12328284607e-08   
17433.0   4.02911823412e-08   
17526.0   4.12328284607e-08   
17619.0   4.41869202771e-08   
17712.0   4.735470236e-08   
17806.0   4.95902313021e-08   
17901.0   5.31431255137e-08   
17996.0   5.43853469532e-08   
18091.0   5.19314312551e-08   
18187.0   4.84583773629e-08   
18284.0   4.31795233063e-08   
18381.0   4.02911823412e-08   
18478.0   3.75977456851e-08   
18577.0   3.67382881296e-08   
18675.0   3.84736409534e-08   
18774.0   4.02911823412e-08   
18874.0   4.31795233063e-08   
18974.0   4.62745098039e-08   
19075.0   4.84583773629e-08   
19176.0   4.84583773629e-08   
19278.0   4.735470236e-08   
19380.0   4.12328284607e-08   
19483.0   3.75977456851e-08   
19586.0   3.42820241869e-08   
19690.0   3.12598332746e-08   
19795.0   2.91698955031e-08   
19900.0   2.98508864624e-08   
20006.0   3.12598332746e-08   
20112.0   3.42820241869e-08   
20218.0   3.84736409534e-08   
20326.0   4.12328284607e-08   
20434.0   4.41869202771e-08   
20542.0   4.41869202771e-08   
20651.0   4.12328284607e-08   
20761.0   3.75977456851e-08   
20871.0   3.35000587061e-08   
20982.0   3.05483151344e-08   
21093.0   2.85053422567e-08   
21205.0   2.65985675707e-08   
21317.0   2.59903721968e-08   
21431.0   2.72185041681e-08   
21544.0   2.98508864624e-08   
21659.0   3.27368791828e-08   
21774.0   3.42820241869e-08   
21889.0   3.67382881296e-08   
22005.0   3.75977456851e-08   
22122.0   3.75977456851e-08   
22240.0   3.50827756252e-08   
22358.0   3.12598332746e-08   
22476.0   2.48185980979e-08   
22596.0   1.75585299988e-08   
22715.0   1.36228719033e-08   
22836.0   1.13267582482e-08   
22957.0   7.47728073265e-09   
23079.0   7.14007279559e-09   
23202.0   7.14007279559e-09   
23325.0   7.47728073265e-09   
23448.0   9.2030057532e-09   
23573.0   9.2030057532e-09   
23698.0   9.41787014207e-09   
23824.0   9.8626276858e-09   
23950.0   1.03282846073e-08   
24077.0   1.08160150288e-08   
24205.0   1.03282846073e-08   
24334.0   9.63766584478e-09   
24463.0   7.65199013737e-09   
24593.0   7.47728073265e-09   
24723.0   6.81812844898e-09   
24854.0   7.30679816837e-09   
24986.0   9.41787014207e-09   
25119.0   1.05694493366e-08   
25252.0   1.15911706e-08   
25386.0   1.36228719033e-08   
25521.0   1.42662909475e-08   
25656.0   1.45992720441e-08   
25793.0   1.52887166843e-08   
25929.0   1.52887166843e-08   
26067.0   1.45992720441e-08   
26205.0   1.42662909475e-08   
26344.0   1.33121991311e-08   
26484.0   1.24219795703e-08   
26625.0   1.13267582482e-08   
26766.0   1.08160150288e-08   
26908.0   1.08160150288e-08   
27051.0   1.05694493366e-08   
27195.0   1.13267582482e-08   
27339.0   1.27119877891e-08   
27484.0   1.45992720441e-08   
27630.0   1.63844076553e-08   
27777.0   1.83879300223e-08   
27924.0   1.88169543266e-08   
28072.0   1.79685335212e-08   
28221.0   1.75585299988e-08   
28371.0   1.75585299988e-08   
28522.0   1.63844076553e-08   
28673.0   1.60108019256e-08   
28825.0   1.39408242339e-08   
28978.0   1.24219795703e-08   
29132.0   1.03282846073e-08   
29286.0   8.99307267817e-09   
29442.0   7.30679816837e-09   
29598.0   6.81812844898e-09   
29755.0   6.21721263356e-09   
29913.0   7.65199013737e-09   
30072.0   8.78807091699e-09   
30232.0   1.10684513326e-08   
30392.0   1.33121991311e-08   
30553.0   1.36228719033e-08   
30715.0   1.24219795703e-08   
30878.0   9.8626276858e-09   
31042.0   8.39168721381e-09   
31207.0   6.97733943877e-09   
31373.0   5.93683221792e-09   
31539.0   5.66913232359e-09   
31707.0   5.16919102971e-09   
31875.0   5.05130914641e-09   
32044.0   4.20007044734e-09   
32214.0   3.74239755783e-09   
32385.0   3.41246917929e-09   
32557.0   2.90360455559e-09   
32730.0   2.70940471997e-09   
32903.0   2.4142303628e-09   
33078.0   1.52182693437e-09   
33254.0   7.79452858988e-10   
33430.0   6.33955618175e-10   
33608.0   3.39673593988e-10   
35812.0   5.02806152401e-10   
36002.0   6.33298109663e-10   
36193.0   1.06711283316e-09   
36385.0   1.2653281672e-09   
36578.0   8.95174357168e-10   
36772.0   7.12034754021e-10   
36967.0   6.6319126453e-10   
37163.0   8.35317600094e-10   
37361.0   8.16249853235e-10   
37559.0   8.95174357168e-10   
37758.0   1.23646823999e-09   
37959.0   1.45321122461e-09   
38160.0   1.96148878713e-09   
38363.0   2.4142303628e-09   
38566.0   2.30529529177e-09   
38771.0   2.25271809323e-09   
38977.0   2.10207819655e-09   
39184.0   2.30529529177e-09   
39391.0   2.52812023013e-09   
39601.0   3.04074204532e-09   
39811.0   3.49207467418e-09   
40022.0   4.60608195374e-09   
40234.0   5.66913232359e-09   
40448.0   7.14007279559e-09   
40663.0   8.39168721381e-09   
40878.0   1.00927556651e-08   
41095.0   1.13267582482e-08   
41313.0   1.05694493366e-08   
41533.0   8.78807091699e-09   
41753.0   6.6626746507e-09   
41975.0   4.39826229893e-09   
42198.0   3.33474228015e-09   
42422.0   2.58729599624e-09   
42647.0   2.70940471997e-09   
42873.0   3.74239755783e-09   
43101.0   5.53974404133e-09   
43329.0   7.30679816837e-09   
43559.0   1.02648820007e-08   
43790.0   1.15911706e-08   
44023.0   1.15911706e-08   
44256.0   1.10684513326e-08   
44491.0   9.41787014207e-09   
44728.0   7.65199013737e-09   
44965.0   7.30679816837e-09   
45204.0   5.80133849947e-09   
45443.0   5.41340847716e-09   
45685.0   4.39826229893e-09   
45927.0   4.29799225079e-09   
46171.0   4.20007044734e-09   
46416.0   4.82352941176e-09   
46662.0   5.53974404133e-09   
46910.0   7.14007279559e-09   
47159.0   9.8626276858e-09   
47409.0   1.15911706e-08   
47661.0   1.63844076553e-08   
47914.0   2.01655512504e-08   
48168.0   2.16108958553e-08   
48424.0   2.37008336269e-08   
48681.0   1.97057649407e-08   
48939.0   1.67669367148e-08   
49199.0   1.45992720441e-08   
49460.0   1.42662909475e-08   
49722.0   1.52887166843e-08   
49986.0   1.79685335212e-08   
50252.0   2.01655512504e-08   
50252.0   3.27368791828e-08   
50518.0   4.21932605377e-08   
50786.0   5.31431255137e-08   
51056.0   5.96430668076e-08   
51327.0   5.31431255137e-08   
51599.0   4.41869202771e-08   
51873.0   3.67382881296e-08   
52148.0   3.05483151344e-08   
52425.0   2.53986145356e-08   
52703.0   2.16108958553e-08   
52983.0   1.97057649407e-08   
53264.0   1.67669367148e-08   
53547.0   1.45992720441e-08   
53831.0   1.30085710931e-08   
54117.0   1.10684513326e-08   
54404.0   9.8626276858e-09   
54693.0   8.99307267817e-09   
54983.0   8.39168721381e-09   
55275.0   8.20030527181e-09   
55568.0   8.01315017025e-09   
55863.0   7.65199013737e-09   
56160.0   7.47728073265e-09   
56458.0   7.47728073265e-09   
56757.0   7.47728073265e-09   
57059.0   7.65199013737e-09   
57362.0   8.01315017025e-09   
57666.0   8.39168721381e-09   
57972.0   8.78807091699e-09   
58280.0   9.2030057532e-09   
58589.0   9.2030057532e-09   
58900.0   1.03282846073e-08   
59213.0   1.24219795703e-08   
59527.0   1.67669367148e-08   
59843.0   2.26314429964e-08   
60160.0   3.84736409534e-08   
60480.0   5.42655864741e-08   
60801.0   6.84982975226e-08   
61123.0   7.34061289186e-08   
61448.0   6.10332276623e-08   
61774.0   4.52177996947e-08   
62102.0   3.19901373723e-08   
62431.0   2.21152988141e-08   
62763.0   1.60108019256e-08   
63096.0   1.21385464365e-08   
63431.0   9.8626276858e-09   
63767.0   8.78807091699e-09   
64106.0   7.47728073265e-09   
64446.0   6.97733943877e-09   
64788.0   6.6626746507e-09   
65132.0   6.07537865446e-09   
65477.0   5.41340847716e-09   
65825.0   4.50088059176e-09   
66174.0   3.1842197957e-09   
66526.0   2.15113302806e-09   
66879.0   9.59328402019e-10   
67234.0   6.33298109663e-10   
67590.0   4.37806739462e-10   
70888.0   2.3482446871e-10   
73955.0   4.37806739462e-10   
74347.0   6.18856404837e-10   
74742.0   9.13725490196e-10   
75138.0   2.25656921451e-09   
75537.0   3.04074204532e-09   
75938.0   3.82975226019e-09   
76341.0   4.01056710109e-09   
76746.0   4.29799225079e-09   
77154.0   5.66913232359e-09   
77563.0   7.62662909475e-09   
77975.0   1.15911706e-08   
78389.0   1.05694493366e-08   
78805.0   6.97733943877e-09   
79223.0   5.66913232359e-09   
79643.0   4.01056710109e-09   
80066.0   4.29799225079e-09   
80491.0   5.05130914641e-09   
80918.0   6.07537865446e-09   
81348.0   6.36233415522e-09   
81779.0   6.81812844898e-09   
82213.0   7.83045673359e-09   
82650.0   8.99307267817e-09   
83088.0   1.05694493366e-08   
83529.0   1.18616883879e-08   
83973.0   9.2030057532e-09   
84418.0   4.29799225079e-09   
84866.0   1.45321122461e-09   
85317.0   8.95855348127e-10   
85770.0   3.39673593988e-10   
86225.0   5.14547375837e-10   
86682.0   7.10719736997e-10   
87142.0   1.42005400963e-09   
87605.0   2.51919690032e-09   
88070.0   3.56087824351e-09   
88537.0   4.20007044734e-09   
89007.0   3.41246917929e-09   
89480.0   2.52812023013e-09   
89955.0   1.83031583891e-09   
90432.0   1.45321122461e-09   
90912.0   1.42005400963e-09   
91394.0   1.66896794646e-09   
91879.0   2.25271809323e-09   
92367.0   2.90360455559e-09   
92857.0   3.49207467418e-09   
93350.0   4.01056710109e-09   
93846.0   4.50088059176e-09   
94344.0   4.93624515675e-09   
94844.0   5.66913232359e-09   
95348.0   7.65199013737e-09   
95854.0   1.03282846073e-08   
96362.0   1.56456498767e-08   
96874.0   2.53986145356e-08   
97388.0   3.67382881296e-08   
97905.0   4.52177996947e-08   
98425.0   2.91698955031e-08   
98947.0   1.42662909475e-08   
99472.0   5.53974404133e-09   
100000.0   2.77257250205e-09   
100531.0   2.35904661266e-09   
101064.0   2.90360455559e-09   
101601.0   2.58729599624e-09   
102140.0   2.20133849947e-09   
102682.0   1.70792532582e-09   
103227.0   3.04074204532e-09   
103775.0   6.07537865446e-09   
104326.0   1.24219795703e-08   
104879.0   1.97057649407e-08   
105436.0   2.31595632265e-08   
105995.0   2.26314429964e-08   
106558.0   2.37008336269e-08   
107124.0   2.48185980979e-08   
107692.0   2.65985675707e-08   
108264.0   2.42526711283e-08   
108838.0   2.11179992955e-08   
109416.0   1.56456498767e-08   
109997.0   1.03282846073e-08   
110580.0   8.20030527181e-09   
111167.0   5.93683221792e-09   
111757.0   7.30679816837e-09   
112350.0   8.58753082071e-09   
112947.0   1.1553129036e-08   
113546.0   1.42662909475e-08   
114149.0   1.56456498767e-08   
114755.0   1.60108019256e-08   
115364.0   1.60108019256e-08   
115976.0   1.39408242339e-08   
116591.0   1.08160150288e-08   
117210.0   7.65199013737e-09   
117832.0   4.71363156041e-09   
118458.0   3.11165903487e-09   
119086.0   3.65692145122e-09   
119718.0   5.41340847716e-09   
120354.0   9.41787014207e-09   
120993.0   1.49400023482e-08   
121635.0   1.63844076553e-08   
122280.0   1.21385464365e-08   
122929.0   9.63766584478e-09   
123582.0   8.58753082071e-09   
124238.0   1.13267582482e-08   
124897.0   1.52887166843e-08   
125560.0   2.42526711283e-08   
126226.0   3.27368791828e-08   
126896.0   4.21932605377e-08   
127570.0   5.07479159328e-08   
128247.0   5.96430668076e-08   
128927.0   6.54080075144e-08   
129612.0   7.17318304567e-08   
130299.0   7.86661970177e-08   
130991.0   8.82869555008e-08   
131686.0   9.68228249384e-08   
132385.0   1.03761887989e-07   
133088.0   1.11196430668e-07   
133794.0   1.24795115651e-07   
134504.0   1.43322766232e-07   
135218.0   1.68444287895e-07   
135936.0   1.97968768346e-07   
136657.0   2.27361747094e-07   
137382.0   2.551602677e-07   
138112.0   2.86368439591e-07   
138845.0   3.21380767876e-07   
139581.0   3.77715157919e-07   
140322.0   4.14230362804e-07   
141067.0   4.54267934719e-07   
141816.0   4.86838088529e-07   
142568.0   4.86838088529e-07   
143325.0   4.75730891159e-07   
144086.0   4.64882000704e-07   
144850.0   5.09827404015e-07   
145619.0   6.13173652695e-07   
146392.0   7.37466243983e-07   
147169.0   9.07643536456e-07   
147950.0   1.06673711401e-06   
148735.0   1.16987202066e-06   
149525.0   1.11710696255e-06   
150318.0   1.06673711401e-06   
151116.0   9.28824703534e-07   
151918.0   8.27638839967e-07   
152724.0   7.37466243983e-07   
153535.0   6.88129623107e-07   
154350.0   6.72443348597e-07   
153535.0   9.72689914289e-07   
154350.0   9.28824703534e-07   
155169.0   3.36550428555e-07   
155992.0   1.53593988494e-07   
156820.0   8.62721615592e-08   
157653.0   4.31795233063e-08   
158489.0   2.98508864624e-08   
159330.0   2.72185041681e-08   
160176.0   3.35000587061e-08   
161026.0   3.5902313021e-08   
161881.0   3.35000587061e-08   
162740.0   4.93624515675e-09   
163604.0   3.74239755783e-09   
164472.0   2.97123400258e-09   
165345.0   3.11165903487e-09   
166222.0   5.53974404133e-09   
167105.0   6.81812844898e-09   
167992.0   3.91922038276e-09   
168883.0   3.65692145122e-09   
169779.0   3.33474228015e-09   
170681.0   4.82352941176e-09   
171586.0   4.71363156041e-09   
172497.0   4.71363156041e-09   
173413.0   4.82352941176e-09   
174333.0   5.16919102971e-09   
175258.0   5.53974404133e-09   
176188.0   5.53974404133e-09   
177123.0   5.93683221792e-09   
178063.0   4.50088059176e-09   
179008.0   1.74777503816e-09   
179959.0   1.2653281672e-09   
180914.0   1.32509099448e-09   
181874.0   1.87303040977e-09   
182839.0   4.82352941176e-09   
183809.0   5.93683221792e-09   
184785.0   5.66913232359e-09   
185766.0   3.33474228015e-09   
186752.0   3.33474228015e-09   
187743.0   2.30529529177e-09   
188739.0   1.07662322414e-09   
189741.0   8.54808030997e-10   
190748.0   5.26546906188e-10   
191760.0   8.95174357168e-10   
192778.0   6.6319126453e-10   
193801.0   6.6319126453e-10   
194830.0   6.18856404837e-10   
195864.0   6.78689679465e-10   
196903.0   5.02806152401e-10   
197948.0   6.48068568745e-10   
198999.0   5.26546906188e-10   
200055.0   5.26546906188e-10   
201117.0   1.07662322414e-09   
202184.0   1.52182693437e-09   
203257.0   1.35601737701e-09   
204336.0   2.25271809323e-09   
205420.0   3.74239755783e-09   
206511.0   8.39168721381e-09   
207607.0   5.69519783961e-08   
208709.0   8.23811201127e-08   
209816.0   8.43043325114e-08   
210930.0   9.03463660913e-08   
212049.0   9.24550898204e-08   
213175.0   1.01394857344e-07   
214306.0   1.01394857344e-07   
215443.0   4.21932605377e-08   
216587.0   6.10332276623e-08   
217736.0   6.24586121874e-08   
218892.0   1.03761887989e-07   
220054.0   3.36550428555e-07   
221222.0   3.60666901491e-07   
222396.0   2.551602677e-07   
223576.0   1.89040742045e-07   
224763.0   1.60847716332e-07   
225956.0   1.08660326406e-07   
227155.0   9.68228249384e-08   
228360.0   3.19901373723e-08   
229572.0   2.11179992955e-08   
230791.0   1.21385464365e-08   
232016.0   1.92563109076e-08   
233247.0   3.75977456851e-08   
234485.0   4.95902313021e-08   
235729.0   3.50827756252e-08   
236981.0   1.56456498767e-08   
238238.0   8.99307267817e-09   
239503.0   4.39826229893e-09   
240774.0   4.29799225079e-09   
242052.0   7.47728073265e-09   
243336.0   8.39168721381e-09   
244628.0   4.52177996947e-08   
245926.0   7.02313021017e-08   
247231.0   1.5009040742e-07   
248543.0   1.93453093812e-07   
249863.0   1.97968768346e-07   
251189.0   8.0502524363e-08   
252522.0   7.17318304567e-08   
253862.0   5.96430668076e-08   
255209.0   6.84982975226e-08   
256564.0   1.03761887989e-07   
257925.0   6.6934366561e-08   
259294.0   7.86661970177e-08   
260671.0   7.86661970177e-08   
262054.0   1.46666666667e-07   
263445.0   5.69519783961e-08   
264843.0   4.62745098039e-08   
266249.0   5.8281084889e-08   
267662.0   7.17318304567e-08   
269082.0   2.61124809205e-07   
270510.0   5.72149818011e-07   
271946.0   8.08758952683e-07   
273389.0   1.09162850769e-06   
274840.0   1.47345309381e-06   
276299.0   1.54305506634e-06   
277765.0   1.312927087e-06   
279240.0   1.01864506282e-06   
280722.0   7.54678877539e-07   
282212.0   4.98203592814e-07   
283709.0   3.95538335095e-07   
285215.0   3.14054244452e-07   
286729.0   3.14054244452e-07   
288251.0   4.64882000704e-07   
289780.0   6.5710931079e-07   
291318.0   8.27638839967e-07   
292864.0   1.28298696724e-06   
294419.0   1.11710696255e-06   
295981.0   9.50522484443e-07   
297552.0   6.42127509687e-07   
299131.0   5.09827404015e-07   
300719.0   4.64882000704e-07   
302315.0   3.95538335095e-07   
303920.0   3.86521075496e-07   
305533.0   3.21380767876e-07   
307154.0   2.93037454503e-07   
308784.0   2.43653868733e-07   
310423.0   2.17106962545e-07   
312071.0   2.07317130445e-07   
313727.0   2.17106962545e-07   
315392.0   2.2217447458e-07   
317066.0   2.43653868733e-07   
318749.0   2.86368439591e-07   
320440.0   3.06892098157e-07   
322141.0   3.44417048256e-07   
323851.0   3.44417048256e-07   
325569.0   3.52448045086e-07   
327297.0   3.44417048256e-07   
329034.0   3.86521075496e-07   
330781.0   3.95538335095e-07   
332536.0   3.86521075496e-07   
334301.0   3.21380767876e-07   
336075.0   2.99894328989e-07   
337859.0   3.06892098157e-07   
339652.0   2.67206762945e-07   
341455.0   2.551602677e-07   
343267.0   2.17106962545e-07   
345089.0   1.21946694846e-07   
346920.0   1.08660326406e-07   
348762.0   8.43043325114e-08   
350613.0   7.68721380768e-08   
352473.0   7.86661970177e-08   
354344.0   7.17318304567e-08   
356225.0   8.62721615592e-08   
358115.0   1.30686861571e-07   
360016.0   2.2217447458e-07   
361927.0   3.77715157919e-07   
363848.0   5.72149818011e-07   
365779.0   6.42127509687e-07   
367720.0   5.9917811436e-07   
369672.0   5.72149818011e-07   
371634.0   4.54267934719e-07   
373606.0   4.54267934719e-07   
375589.0   4.98203592814e-07   
377582.0   5.33896912058e-07   
379586.0   5.46366091347e-07   
381601.0   5.21709522132e-07   
383626.0   3.95538335095e-07   
385662.0   2.86368439591e-07   
387709.0   2.43653868733e-07   
389767.0   1.93453093812e-07   
391835.0   1.08660326406e-07   
393915.0   6.6934366561e-08   
396005.0   5.56533990842e-08   
398107.0   5.07479159328e-08   
400220.0   6.6934366561e-08   
402344.0   9.03463660913e-08   
404480.0   1.01394857344e-07   
406626.0   5.19314312551e-08   
408784.0   5.19314312551e-08   
410954.0   3.05483151344e-08   
421976.0   1.36860396853e-07   
424215.0   1.40054009628e-07   
426467.0   1.7639779265e-07   
428730.0   2.27361747094e-07   
431005.0   2.99894328989e-07   
433293.0   5.46366091347e-07   
435593.0   7.90301749442e-07   
437904.0   1.06673711401e-06   
440229.0   1.65363390865e-06   
442565.0   2.50487260773e-06   
444914.0   3.30398027474e-06   
447275.0   4.35787249031e-06   
449649.0   5.88211811671e-06   
452035.0   8.31466478807e-06   
454434.0   1.07166842785e-05   
456846.0   1.55017024774e-05   
459271.0   2.51661383116e-05   
461708.0   3.72525537161e-05   
464159.0   5.14547375837e-05   
466622.0   8.54808030997e-05   
469099.0   0.000118072091112   
471589.0   0.000163090290008   
474091.0   0.00026476458847   
476608.0   0.000382975226019   
479137.0   0.000541340847716   
481680.0   0.000858753082071   
484236.0   0.00118616883879   
486806.0   0.00167669367148   
489390.0   0.00216108958553   
491987.0   0.00278548784783   
494599.0   0.00327368791828   
497224.0   0.00375977456851   
499863.0   0.00431795233063   
502515.0   0.00484583773629   
505182.0   0.00543853469532   
507864.0   0.00639168721381   
510559.0   0.00734061289186   
513269.0   0.00882869555008   
515993.0   0.0106182928261   
518731.0   0.0127706939063   
521484.0   0.0153593988494   
524252.0   0.0189040742045   
527035.0   0.0232666431842   
529832.0   0.0279840319361   
532644.0   0.0344417048256   
535471.0   0.0404766936715   
538313.0   0.0464882000704   
541170.0   0.0585511330281   
544042.0   0.0672443348597   
546929.0   0.0790301749442   
549832.0   0.0950522484443   
552750.0   0.114319596102   
555684.0   0.128298696724   
558633.0   0.154305506634   
561598.0   0.169223905131   
564578.0   0.194347775038   
567575.0   0.218112011272   
570587.0   0.244781026183   
573615.0   0.262322413996   
576660.0   0.287683456616   
579720.0   0.315510156158   
582797.0   0.338100270048   
585890.0   0.370811318539   
589000.0   0.388305741458   
592126.0   0.416132441   
595268.0   0.445955148526   
598427.0   0.477914758718   
601603.0   0.512175648703   
604796.0   0.53636256898   
608006.0   0.574803334507   
611233.0   0.60194904309   
614477.0   0.630386286251   
617738.0   0.675566514031   
621017.0   0.691323235881   
624313.0   0.723963837032   
627626.0   0.758154279676   
630957.0   0.775860044617   
634306.0   0.793965011154   
637673.0   0.812492661735   
641057.0   0.812492661735   
644459.0   0.850862979923   
647880.0   0.850862979923   
651318.0   0.850862979923   
654775.0   0.870729129975   
658250.0   0.870729129975   
661743.0   0.891041446519   
665256.0   0.891041446519   
668786.0   0.891041446519   
672336.0   0.891041446519   
675904.0   0.891041446519   
679491.0   0.891041446519   
683098.0   0.933121991311   
686723.0   0.933121991311   
690368.0   0.933121991311   
694032.0   0.933121991311   
697715.0   0.954913702008   
701418.0   0.977198544088   
705141.0   0.977198544088   
708883.0   0.977198544088   
712646.0   1.0   
716428.0   1.0   
720230.0   1.0   
724053.0   0.977198544088   
727895.0   0.977198544088   
731759.0   0.977198544088   
735642.0   0.977198544088   
739547.0   0.933121991311   
743472.0   0.911846894446   
747417.0   0.891041446519   
751384.0   0.870729129975   
755372.0   0.831466478807   
759381.0   0.793965011154   
763411.0   0.758154279676   
767463.0   0.723963837032   
771536.0   0.675566514031   
775631.0   0.645086297992   
779748.0   0.60194904309   
783886.0   0.574803334507   
788046.0   0.53636256898   
792229.0   0.500504872608   
796433.0   0.477914758718   
800660.0   0.435787249031   
804910.0   0.406645532464   
809182.0   0.379452858988   
813476.0   0.35406833392   
817794.0   0.322860162029   
822134.0   0.301279793354   
826497.0   0.281131853939   
830884.0   0.256334390043   
835293.0   0.233744276154   
839727.0   0.218112011272   
844183.0   0.198884583774   
848664.0   0.181350240695   
853168.0   0.165363390865   
857696.0   0.150785487848   
862248.0   0.140702125161   
866824.0   0.128298696724   
871425.0   0.119718210638   
876050.0   0.106673711401   
880699.0   0.101864506282   
885373.0   0.0928824703534   
890072.0   0.086671363156   
894796.0   0.0808758952683   
899545.0   0.0754678877539   
904319.0   0.0688129623107   
909119.0   0.0627474462839   
913944.0   0.0585511330281   
918795.0   0.0546366091347   
923671.0   0.0498203592814   
928573.0   0.0464882000704   
933501.0   0.0433791241047   
938456.0   0.0395538335095   
943436.0   0.0360666901491   
948444.0   0.0336550428555   
953477.0   0.0306892098157   
958538.0   0.0286368439591   
963625.0   0.0261124809205   
968739.0   0.0238088528825   
973881.0   0.022217447458   
979049.0   0.0202587765645   
984246.0   0.0189040742045   
989469.0   0.0172375249501   
994721.0   0.0160847716332   
1000000.0   0.015009040742   
1005307.0   0.0136860396853   
1010643.0   0.0124795115651   
1016007.0   0.0113793589292   
1021399.0   0.0103761887989   
1026820.0   0.00924550898204   
1032270.0   0.00843043325114   
1037748.0   0.00734061289186   
1043256.0   0.00654080075144   
1048793.0   0.00569519783961   
1054359.0   0.00495902313021   
1059955.0   0.00441869202771   
1065580.0   0.00375977456851   
1071236.0   0.00319901373723   
1076921.0   0.00272185041681   
1082637.0   0.00226314429964   
1088383.0   0.00183879300223   
1094159.0   0.00152887166843   
1099966.0   0.00121385464365   
1105804.0   0.00092030057532   
1111673.0   0.000681812844898   
1117573.0   0.000471363156041   
1123504.0   0.000325865915228   
1129467.0   0.000191675472584   
1135462.0   0.000102808500646   
1141488.0   7.44299636022e-05   
1147546.0   8.35317600094e-05   
1153636.0   0.000118072091112   
1159759.0   0.000225271809323   
1165914.0   0.000410426206411   
1172102.0   0.000528989080662   
1178323.0   0.000621721263356   
1184577.0   0.000636233415522   
1190864.0   0.000621721263356   
1197184.0   0.000636233415522   
1203538.0   0.00066626746507   
1209925.0   0.00066626746507   
1216347.0   0.000714007279559   
1222803.0   0.000730679816837   
1229292.0   0.000714007279559   
1235817.0   0.000681812844898   
1242375.0   0.000651074321944   
1248969.0   0.000607537865446   
1255598.0   0.000541340847716   
1262262.0   0.000460608195374   
1268961.0   0.000374239755783   
1275696.0   0.000290360455559   
1282466.0   0.000205412704004   
1289273.0   0.000142005400963   
1296115.0   0.000105208406716   
1302994.0   7.61676646707e-05   
1309910.0   6.04743454268e-05   
1316862.0   4.80145591171e-05   
1323851.0   2.75989198074e-05   
1330877.0   1.20272396384e-05   
1337940.0   5.88211811671e-06   
1345041.0   2.81131853939e-06   
1352180.0   1.01864506282e-06   
1359356.0   7.37466243983e-07   
1366571.0   6.5710931079e-07   
1373824.0   6.13173652695e-07   
1381115.0   6.27474462839e-07   
1388445.0   6.27474462839e-07   
1395814.0   4.33791241047e-07   
1403222.0   3.84736409534e-08   
1410670.0   1.21385464365e-08   
1418156.0   3.25865915228e-09   
1425683.0   2.89021956088e-10   
