# Pickles 1998
# Habets 1981
# Solar units except Teff (K), rotperiod in days
#SpType            teff          lumi         rad      mass      Mbol    rotperiod
#|S9            float64       float64     float64   float64   float64      float64
    O5V    39810.717055 288404.435081   11.318573 35.670492 -8.900000     3.013050
    O9V    35481.338923 104713.321276    8.586016 23.256834 -7.800000     2.285632
    B0V    28183.829313  18197.089650    5.672724 12.243704 -5.900000     1.434597
    B1V    22387.211386   6025.622703    5.173586 10.616792 -4.700000     1.308368
    B3V    19054.607180   1995.271203    4.109526  7.433521 -3.500000     1.039274
    B57V   14125.375446    549.543322    3.924566  6.922051 -2.100000     0.992499
    B8V    11748.975549    239.884361    3.747932  6.445774 -1.200000     0.947829
    B9V    10715.193052    151.356799    3.579247  6.002267 -0.700000     0.905170
    A0V     9549.925860     60.256227    2.843097  4.202585  0.300000     0.821716
    A2V     8912.509381     28.840444    2.258352  2.942509  1.100000     0.652712
    A3V     8790.225168     23.988436    2.117345  2.663018  1.300000     0.611958
    A5V     8491.804750     16.595943    1.887086  2.228306  1.700000     0.545408
    A7V     8053.784412     11.481587    1.744985  1.973982  2.100000     0.504338
    F0V     7211.074792      5.011895    1.438109  1.463229  3.000000     1.212296
    F2V     6776.415076      3.801911    1.418377  1.432268  3.300000     1.195663
    F5V     6531.305526      3.162292    1.392489  1.392004  3.500000     1.173839
    wF5V    6606.934480      2.398844    1.185200  1.084629  3.800000     0.999099
    F6V     6280.583588      2.398844    1.311571  1.268799  3.800000     1.105627
    rF6V    6109.420249      3.801911    1.744985  1.973982  3.300000     1.470987
    F8V     6039.486294      1.995271    1.293575  1.241952  4.000000     1.090457
    wF8V    6137.620052      1.513568    1.090917  0.954012  4.300000     0.919621
    rF8V    5767.664634      2.630280    1.628515  1.773795  3.700000     1.372804
    G0V     5807.644175      1.659594    1.275827  1.215673  4.200000     5.377479
    wG0V    5847.900841      1.047133    0.999520  0.833163  4.700000     4.212876
    rG0V    5636.376558      2.398844    1.628515  1.773795  3.800000     6.864022
    G2V     5636.376558      1.148159    1.126657  1.002826  4.600000     4.748743
    G5V     5584.701947      1.047133    1.095952  0.960837  4.700000     4.619327
    wG5V    5754.399373      0.794332    0.899066  0.707168  5.000000     3.789472
    rG5V    5597.576015      2.187771    1.576855  1.687453  3.900000     6.646281
    G8V     5333.348955      0.724439    0.999520  0.833163  5.100000     4.212876
    K0V     5188.000389      0.549543    0.920008  0.732829  5.400000     9.306576
    rK0V    5236.004366      1.047133    1.246785  1.173105  4.700000    12.612173
    K2V     4886.523593      0.346738    0.823743  0.617588  5.900000     8.332780
    K3V     4497.798549      0.218777    0.772310  0.558928  6.400000     7.812498
    K4V     4345.102242      0.165959    0.720762  0.502245  6.700000     7.291048
    K5V     4187.935651      0.125893    0.675759  0.454540  7.000000     6.835809
    K7V     3999.447498      0.087097    0.616299  0.394142  7.400000     6.234332
    M0V     3801.893963      0.079433    0.651316  0.429343  7.500000    16.471378
    M1V     3681.289736      0.060256    0.605051  0.383062  7.800000    15.301357
    M2V     3548.133892      0.045709    0.567272  0.346677  8.100000    14.345971
    M2.5V   3443.499308      0.034674    0.524556  0.307110  8.400000    13.265693
    M3V     3303.695410      0.026303    0.496354  0.281930  8.700000    12.552492
    M4V     3111.716337      0.018197    0.465363  0.255152  9.100000    11.768739
    M5V     2951.209227      0.012589    0.430320  0.226030  9.500000    10.882532
    M6V     2697.739432      0.007943    0.409064  0.208983 10.000000    10.344987
    B2IV   19952.623150   5495.433219    6.220019  9.787748 -4.600000    21.928599
    B6IV   12589.254118    724.439187    5.672724  8.300924 -2.400000    20.129058
    A0IV    9727.472238     87.096747    3.294516  3.140104 -0.100000    12.064653
    A47IV   7943.282347     28.840444    2.843097  2.412425  1.100000    12.606108
    F02IV   7030.723199     12.589310    2.397683  1.778585  2.000000    14.286843
    F5IV    6561.452663      9.549968    2.397683  1.778585  2.300000    23.265234
    F8IV    6151.768727      6.606964    2.268776  1.611168  2.700000    27.351213
    G0IV    5929.253246      4.168712    1.939955  1.217573  3.200000    26.352047
    G2IV    5688.529308      4.570902    2.206946  1.533465  3.100000    55.812303
    G5IV    5597.576015      4.570902    2.279249  1.624496  3.100000    57.640792
    G8IV    5308.844442      4.570902    2.533913  1.963398  3.100000    64.081098
    K0IV    5011.872336      5.495433    3.117394  2.844528  2.900000    78.836973
    K1IV    4786.300923      6.025623    3.579247  3.642040  2.800000    90.516956
    K3IV    4570.881896      7.244392    4.303201  5.063577  2.600000   108.825317
    O8III  31622.776602 239884.360526   16.360316 84.641503 -8.700000   220.872911
    B12III 19952.623150  18197.089650   11.318573 40.511970 -5.900000   151.144810
    B3III  16982.436525   5495.433219    8.586016 23.312206 -4.600000   114.360654
    B5III  14791.083882   1995.271203    6.820115 14.709007 -3.500000    90.668129
    B9III  11091.748153    263.027971    4.403436  6.131735 -1.300000    59.480907
    A0III   9571.940713    114.815874    3.906535  4.825956 -0.400000    53.212833
    A3III   8974.287945     60.256227    3.219524  3.277807  0.300000    44.885630
    A5III   8452.788452     50.118947    3.309723  3.464044  0.500000    47.240774
    A7III   8053.784412     31.622917    2.895954  2.652060  1.000000    42.977892
    F0III   7585.775750     28.840444    3.117394  3.073147  1.100000    48.526619
    F2III   6839.116473     18.197090    3.046433  2.934833  1.600000    58.421055
    F5III   6531.305526     18.197090    3.340348  3.528445  1.600000    75.543592
    G0III   5610.479760     12.589310    3.765231  4.483151  2.000000    95.220387
    G5III   5164.163693      4.168712    2.557359  2.068156  3.200000    64.674033
    wG5III  5188.000389      6.025623    3.046433  2.934833  2.800000    77.042425
    rG5III  5116.818355      3.467384    2.375700  1.784775  3.400000    60.080003
    G8III   5011.872336      4.570902    2.843097  2.556133  3.100000    71.900174
    wG8III  5023.425895      6.606964    3.402449  3.660862  2.700000    86.045853
    K0III   4852.885002      4.570902    3.032436  2.500000  3.100000    76.688447
    wK0III  4977.370850      7.943318    3.800071  2.500000  2.500000    96.101450
    rK0III  4819.477976      3.801911    2.804088  2.500000  3.300000    70.913667
    K1III   4655.860935     15.135680    5.995034  2.500000  1.800000   151.610731
    wK1III  4819.477976     26.302797    7.375504  2.500000  1.200000   186.521948
    rK1III  4591.980128      4.168712    3.234385  2.500000  3.200000    81.795600
    K2III   4456.562484     34.673840    9.903568  2.500000  0.900000   250.455136
    wK2III  4634.469197     41.687124   10.041340  2.500000  0.700000   253.939314
    rK2III  4446.312675      7.943318    4.762025  2.500000  2.500000   120.428684
    K3III   4365.158322     50.118947   12.410569  2.500000  0.500000   313.855644
    wK3III  4415.704474     95.499684   16.741396  2.500000 -0.200000   423.379614
    rK3III  4375.221052     18.197090    7.443748  2.500000  1.600000   188.247814
    K4III   4226.686143    125.893102   20.979333  2.500000 -0.500000   530.554426
    wK4III  4246.195639    199.527120   26.169274  2.500000 -1.000000   661.804845
    rK4III  4226.686143     45.709023   12.641298  2.500000  0.600000   319.690656
    K5III   4008.667176    263.027971   33.712556  2.500000 -1.300000   852.569795
    rK5III  3990.249024    104.713321   21.468005  2.500000 -0.300000   542.912627
    M0III   3819.442708    457.090226   48.954394  2.500000 -1.900000  1238.026504
    M1III   3775.721909    549.543322   54.927734  2.500000 -2.100000  1389.088584
    M2III   3706.807218    660.696391   62.487289  2.500000 -2.300000  1580.265076
    M3III   3630.780548    794.331773   71.415369  2.500000 -2.500000  1806.050718
    M4III   3556.313186   1047.133213   85.465666  2.500000 -2.800000  2161.374096
    M5III   3419.794425   1258.931020  101.342516  2.500000 -3.000000  2562.889857
    M6III   3250.872974   1995.271203  141.186016  2.500000 -3.500000  3570.507439
    M7III   3126.079367   2630.279709  175.303942  2.500000 -3.800000  4433.328801
    M8III   2890.679882   3801.910900  246.485674  2.500000 -4.200000  6233.470984
    M9III   2666.858665   5495.433219  348.170268  2.500000 -4.600000  8805.011798
    M10III  2500.345362   7943.317733  476.202512  2.500000 -5.000000 12042.868446
    B2II   15995.580286  19952.712034   18.441306  1.000000 -6.000000   932.738575
    B5II   12589.254118   7943.317733   18.784156  1.000000 -5.000000   950.079479
    F0II    7943.282347    794.331773   14.920785  1.000000 -2.500000   754.674956
    F2II    7328.245331    724.439187   16.741396  1.000000 -2.400000   846.759227
    G5II    5248.074602    870.967470   35.792471  1.000000 -2.600000  1810.339127
    K01II   5011.872336   1047.133213   43.032015  1.000000 -2.800000  2176.506347
    K34II   4255.984131   1380.390414   68.515950  1.000000 -3.100000  3465.452400
    M3II    3411.929116   3467.383951  168.963027  1.000000 -4.100000  8545.941939
    B0I    26001.595632 288404.435081   26.533325  1.500000 -8.900000  1342.022935
    B1I    20701.413488 165959.430051   31.753506  1.500000 -8.300000  1606.053240
    B3I    15595.525028  87096.746990   40.531407  1.500000 -7.600000  2050.028685
    B5I    13396.766874  60256.227034   45.686899  1.500000 -7.200000  2310.787119
    B8I    11194.378835  45709.022584   56.989085  1.500000 -6.900000  2882.437757
    A0I     9727.472238  38019.108998   68.832205  1.500000 -6.700000  3481.448201
    A2I     9078.205302  38019.108998   79.029945  1.500000 -6.700000  3997.237360
    F0I     7691.304403  34673.839508  105.145740  1.500000 -6.600000  5318.142106
    F5I     6637.430704  34673.839508  141.186016  1.500000 -6.600000  7141.014878
    F8I     6095.368972  34673.839508  167.413965  1.500000 -6.600000  8467.592272
    G0I     5508.076964  34673.839508  205.017854  1.500000 -6.600000 10369.550666
    G2I     5296.634439  31622.917474  211.734527  1.500000 -6.500000 10709.271722
    G5I     5046.612976  31622.917474  233.233904  1.500000 -6.500000 11796.683779
    G8I     4591.980128  31622.917474  281.703136  1.500000 -6.500000 14248.197877
    K2I     4255.984131  34673.839508  343.393193  1.500000 -6.600000 17368.405015
    K3I     4130.475020  34673.839508  364.579028  1.500000 -6.600000 18439.958440
    K4I     3990.249024  38019.108998  409.064397  1.500000 -6.700000 20689.973666
    M2I     3451.437393 165959.430051 1142.330263  1.500000 -8.300000 57777.658537
